Running 40s test @ http://localhost:8888/
  10 threads and 1000 connections
  Thread calibration: mean lat.: 3.788ms, rate sampling interval: 18ms
  Thread calibration: mean lat.: 3.819ms, rate sampling interval: 18ms
  Thread calibration: mean lat.: 3.892ms, rate sampling interval: 18ms
  Thread calibration: mean lat.: 3.831ms, rate sampling interval: 18ms
  Thread calibration: mean lat.: 3.813ms, rate sampling interval: 18ms
  Thread calibration: mean lat.: 3.856ms, rate sampling interval: 18ms
  Thread calibration: mean lat.: 10.019ms, rate sampling interval: 29ms
  Thread calibration: mean lat.: 3.889ms, rate sampling interval: 18ms
  Thread calibration: mean lat.: 6.114ms, rate sampling interval: 22ms
  Thread calibration: mean lat.: 3.902ms, rate sampling interval: 18ms
  Thread Stats   Avg      Stdev     Max   +/- Stdev
    Latency     4.95ms    4.12ms  20.46ms   73.47%
    Req/Sec     1.54k   763.86     4.76k    82.70%
  Latency Distribution (HdrHistogram - Recorded Latency)
 50.000%    3.70ms
 75.000%    7.48ms
 90.000%   11.37ms
 99.000%   16.20ms
 99.900%   18.32ms
 99.990%   19.22ms
 99.999%   20.06ms
100.000%   20.48ms

  Detailed Percentile spectrum:
       Value   Percentile   TotalCount 1/(1-Percentile)

       0.115     0.000000            1         1.00
       0.902     0.100000        44321         1.11
       1.300     0.200000        88541         1.25
       1.764     0.300000       132749         1.43
       2.659     0.400000       176958         1.67
       3.705     0.500000       221261         2.00
       4.219     0.550000       243426         2.22
       4.811     0.600000       265459         2.50
       5.559     0.650000       287561         2.86
       6.451     0.700000       309701         3.33
       7.483     0.750000       331833         4.00
       8.027     0.775000       342836         4.44
       8.583     0.800000       353885         5.00
       9.207     0.825000       365022         5.71
       9.871     0.850000       376101         6.67
      10.559     0.875000       387069         8.00
      10.943     0.887500       392660         8.89
      11.367     0.900000       398204        10.00
      11.823     0.912500       403680        11.43
      12.319     0.925000       409215        13.33
      12.839     0.937500       414731        16.00
      13.127     0.943750       417525        17.78
      13.415     0.950000       420277        20.00
      13.743     0.956250       423071        22.86
      14.103     0.962500       425802        26.67
      14.495     0.968750       428564        32.00
      14.687     0.971875       429926        35.56
      14.895     0.975000       431303        40.00
      15.135     0.978125       432687        45.71
      15.383     0.981250       434057        53.33
      15.639     0.984375       435474        64.00
      15.775     0.985938       436154        71.11
      15.927     0.987500       436830        80.00
      16.103     0.989062       437535        91.43
      16.271     0.990625       438209       106.67
      16.479     0.992188       438935       128.00
      16.591     0.992969       439294       142.22
      16.703     0.993750       439622       160.00
      16.831     0.994531       439966       182.86
      16.975     0.995313       440303       213.33
      17.167     0.996094       440637       256.00
      17.279     0.996484       440800       284.44
      17.423     0.996875       440985       320.00
      17.551     0.997266       441156       365.71
      17.695     0.997656       441317       426.67
      17.855     0.998047       441490       512.00
      17.935     0.998242       441578       568.89
      18.031     0.998437       441668       640.00
      18.111     0.998633       441750       731.43
      18.207     0.998828       441839       853.33
      18.335     0.999023       441923      1024.00
      18.399     0.999121       441965      1137.78
      18.479     0.999219       442014      1280.00
      18.543     0.999316       442049      1462.86
      18.639     0.999414       442097      1706.67
      18.735     0.999512       442143      2048.00
      18.767     0.999561       442159      2275.56
      18.815     0.999609       442180      2560.00
      18.879     0.999658       442203      2925.71
      18.943     0.999707       442223      3413.33
      19.007     0.999756       442247      4096.00
      19.039     0.999780       442258      4551.11
      19.071     0.999805       442267      5120.00
      19.103     0.999829       442278      5851.43
      19.135     0.999854       442289      6826.67
      19.183     0.999878       442301      8192.00
      19.199     0.999890       442304      9102.22
      19.215     0.999902       442309     10240.00
      19.279     0.999915       442316     11702.86
      19.327     0.999927       442321     13653.33
      19.407     0.999939       442325     16384.00
      19.535     0.999945       442328     18204.44
      19.663     0.999951       442331     20480.00
      19.743     0.999957       442335     23405.71
      19.743     0.999963       442335     27306.67
      19.887     0.999969       442338     32768.00
      19.919     0.999973       442340     36408.89
      19.935     0.999976       442342     40960.00
      19.935     0.999979       442342     46811.43
      19.967     0.999982       442344     54613.33
      20.015     0.999985       442346     65536.00
      20.015     0.999986       442346     72817.78
      20.015     0.999988       442346     81920.00
      20.063     0.999989       442347     93622.86
      20.063     0.999991       442347    109226.67
      20.351     0.999992       442348    131072.00
      20.351     0.999993       442348    145635.56
      20.383     0.999994       442349    163840.00
      20.383     0.999995       442349    187245.71
      20.383     0.999995       442349    218453.33
      20.431     0.999996       442350    262144.00
      20.431     0.999997       442350    291271.11
      20.431     0.999997       442350    327680.00
      20.431     0.999997       442350    374491.43
      20.431     0.999998       442350    436906.67
      20.479     0.999998       442351    524288.00
      20.479     1.000000       442351          inf
#[Mean    =        4.955, StdDeviation   =        4.118]
#[Max     =       20.464, Total count    =       442351]
#[Buckets =           27, SubBuckets     =         2048]
----------------------------------------------------------
  594370 requests in 40.00s, 108.16MB read
Requests/sec:  14858.65
Transfer/sec:      2.70MB
