Running 40s test @ http://localhost:8888/
  10 threads and 1000 connections
  Thread calibration: mean lat.: 212.541ms, rate sampling interval: 885ms
  Thread calibration: mean lat.: 211.984ms, rate sampling interval: 884ms
  Thread calibration: mean lat.: 212.446ms, rate sampling interval: 885ms
  Thread calibration: mean lat.: 211.565ms, rate sampling interval: 883ms
  Thread calibration: mean lat.: 212.018ms, rate sampling interval: 884ms
  Thread calibration: mean lat.: 212.244ms, rate sampling interval: 884ms
  Thread calibration: mean lat.: 212.197ms, rate sampling interval: 884ms
  Thread calibration: mean lat.: 212.470ms, rate sampling interval: 885ms
  Thread calibration: mean lat.: 212.598ms, rate sampling interval: 885ms
  Thread calibration: mean lat.: 810.976ms, rate sampling interval: 4325ms
  Thread Stats   Avg      Stdev     Max   +/- Stdev
    Latency     1.38s   568.69ms   4.57s    67.31%
    Req/Sec     1.98k     7.49     2.00k    70.96%
  Latency Distribution (HdrHistogram - Recorded Latency)
 50.000%    1.35s 
 75.000%    1.78s 
 90.000%    2.02s 
 99.000%    3.35s 
 99.900%    4.20s 
 99.990%    4.47s 
 99.999%    4.55s 
100.000%    4.57s 

  Detailed Percentile spectrum:
       Value   Percentile   TotalCount 1/(1-Percentile)

     462.847     0.000000            4         1.00
     672.767     0.100000        58652         1.11
     845.311     0.200000       117163         1.25
    1011.711     0.300000       175624         1.43
    1179.647     0.400000       234270         1.67
    1348.607     0.500000       292974         2.00
    1436.671     0.550000       322038         2.22
    1525.759     0.600000       351447         2.50
    1610.751     0.650000       380592         2.86
    1695.743     0.700000       409864         3.33
    1778.687     0.750000       439177         4.00
    1819.647     0.775000       453963         4.44
    1859.583     0.800000       468404         5.00
    1900.543     0.825000       482962         5.71
    1942.527     0.850000       497724         6.67
    1984.511     0.875000       512465         8.00
    2003.967     0.887500       519492         8.89
    2024.447     0.900000       526918        10.00
    2044.927     0.912500       534441        11.43
    2064.383     0.925000       541500        13.33
    2084.863     0.937500       548791        16.00
    2096.127     0.943750       552744        17.78
    2107.391     0.950000       556399        20.00
    2119.679     0.956250       559966        22.86
    2136.063     0.962500       563412        26.67
    2291.711     0.968750       567034        32.00
    2441.215     0.971875       568872        35.56
    2590.719     0.975000       570710        40.00
    2738.175     0.978125       572523        45.71
    2887.679     0.981250       574359        53.33
    3037.183     0.984375       576182        64.00
    3117.055     0.985938       577091        71.11
    3203.071     0.987500       578024        80.00
    3293.183     0.989062       578935        91.43
    3389.439     0.990625       579848       106.67
    3493.887     0.992188       580753       128.00
    3551.231     0.992969       581213       142.22
    3610.623     0.993750       581666       160.00
    3674.111     0.994531       582119       182.86
    3743.743     0.995313       582581       213.33
    3819.519     0.996094       583043       256.00
    3858.431     0.996484       583264       284.44
    3901.439     0.996875       583494       320.00
    3946.495     0.997266       583722       365.71
    3995.647     0.997656       583954       426.67
    4046.847     0.998047       584177       512.00
    4075.519     0.998242       584291       568.89
    4106.239     0.998437       584409       640.00
    4136.959     0.998633       584522       731.43
    4171.775     0.998828       584638       853.33
    4210.687     0.999023       584757      1024.00
    4227.071     0.999121       584806      1137.78
    4247.551     0.999219       584862      1280.00
    4272.127     0.999316       584925      1462.86
    4296.703     0.999414       584982      1706.67
    4321.279     0.999512       585036      2048.00
    4337.663     0.999561       585070      2275.56
    4349.951     0.999609       585091      2560.00
    4366.335     0.999658       585121      2925.71
    4382.719     0.999707       585151      3413.33
    4403.199     0.999756       585180      4096.00
    4411.391     0.999780       585192      4551.11
    4423.679     0.999805       585210      5120.00
    4431.871     0.999829       585219      5851.43
    4444.159     0.999854       585234      6826.67
    4460.543     0.999878       585252      8192.00
    4464.639     0.999890       585255      9102.22
    4472.831     0.999902       585266     10240.00
    4481.023     0.999915       585272     11702.86
    4489.215     0.999927       585278     13653.33
    4497.407     0.999939       585284     16384.00
    4501.503     0.999945       585287     18204.44
    4509.695     0.999951       585292     20480.00
    4513.791     0.999957       585296     23405.71
    4517.887     0.999963       585299     27306.67
    4521.983     0.999969       585302     32768.00
    4526.079     0.999973       585303     36408.89
    4530.175     0.999976       585305     40960.00
    4538.367     0.999979       585308     46811.43
    4542.463     0.999982       585309     54613.33
    4546.559     0.999985       585311     65536.00
    4546.559     0.999986       585311     72817.78
    4550.655     0.999988       585312     81920.00
    4554.751     0.999989       585314     93622.86
    4554.751     0.999991       585314    109226.67
    4558.847     0.999992       585315    131072.00
    4558.847     0.999993       585315    145635.56
    4562.943     0.999994       585317    163840.00
    4562.943     0.999995       585317    187245.71
    4562.943     0.999995       585317    218453.33
    4562.943     0.999996       585317    262144.00
    4562.943     0.999997       585317    291271.11
    4567.039     0.999997       585318    327680.00
    4567.039     0.999997       585318    374491.43
    4567.039     0.999998       585318    436906.67
    4567.039     0.999998       585318    524288.00
    4567.039     0.999998       585318    582542.22
    4571.135     0.999998       585319    655360.00
    4571.135     1.000000       585319          inf
#[Mean    =     1380.486, StdDeviation   =      568.691]
#[Max     =     4567.040, Total count    =       585319]
#[Buckets =           27, SubBuckets     =         2048]
----------------------------------------------------------
  787600 requests in 40.04s, 143.36MB read
Requests/sec:  19669.53
Transfer/sec:      3.58MB
