Running 40s test @ http://localhost:8888/
  10 threads and 1000 connections
  Thread calibration: mean lat.: 218.665ms, rate sampling interval: 992ms
  Thread calibration: mean lat.: 218.587ms, rate sampling interval: 992ms
  Thread calibration: mean lat.: 218.249ms, rate sampling interval: 991ms
  Thread calibration: mean lat.: 218.608ms, rate sampling interval: 992ms
  Thread calibration: mean lat.: 218.685ms, rate sampling interval: 992ms
  Thread calibration: mean lat.: 218.287ms, rate sampling interval: 991ms
  Thread calibration: mean lat.: 218.660ms, rate sampling interval: 992ms
  Thread calibration: mean lat.: 1015.193ms, rate sampling interval: 6356ms
  Thread calibration: mean lat.: 219.056ms, rate sampling interval: 993ms
  Thread calibration: mean lat.: 869.217ms, rate sampling interval: 5455ms
  Thread Stats   Avg      Stdev     Max   +/- Stdev
    Latency     1.88s   912.59ms   6.72s    76.69%
    Req/Sec     2.03k     7.07     2.05k    76.76%
  Latency Distribution (HdrHistogram - Recorded Latency)
 50.000%    1.79s 
 75.000%    2.39s 
 90.000%    2.74s 
 99.000%    5.32s 
 99.900%    6.30s 
 99.990%    6.60s 
 99.999%    6.70s 
100.000%    6.73s 

  Detailed Percentile spectrum:
       Value   Percentile   TotalCount 1/(1-Percentile)

     541.183     0.000000            1         1.00
     826.367     0.100000        60032         1.11
    1075.199     0.200000       119914         1.25
    1317.887     0.300000       180019         1.43
    1557.503     0.400000       239959         1.67
    1793.023     0.500000       299802         2.00
    1912.831     0.550000       329870         2.22
    2033.663     0.600000       359836         2.50
    2152.447     0.650000       390109         2.86
    2269.183     0.700000       419719         3.33
    2387.967     0.750000       449810         4.00
    2445.311     0.775000       464652         4.44
    2504.703     0.800000       479862         5.00
    2564.095     0.825000       494887         5.71
    2621.439     0.850000       509598         6.67
    2680.831     0.875000       524713         8.00
    2709.503     0.887500       532019         8.89
    2740.223     0.900000       539837        10.00
    2768.895     0.912500       547071        11.43
    2799.615     0.925000       554804        13.33
    2844.671     0.937500       562102        16.00
    3067.903     0.943750       565731        17.78
    3352.575     0.950000       569487        20.00
    3637.247     0.956250       573243        22.86
    3919.871     0.962500       576972        26.67
    4206.591     0.968750       580753        32.00
    4349.951     0.971875       582641        35.56
    4489.215     0.975000       584479        40.00
    4636.671     0.978125       586367        45.71
    4792.319     0.981250       588222        53.33
    4964.351     0.984375       590113        64.00
    5054.463     0.985938       591036        71.11
    5152.767     0.987500       591989        80.00
    5255.167     0.989062       592918        91.43
    5365.759     0.990625       593857       106.67
    5484.543     0.992188       594786       128.00
    5550.079     0.992969       595257       142.22
    5619.711     0.993750       595726       160.00
    5689.343     0.994531       596178       182.86
    5771.263     0.995313       596662       213.33
    5853.183     0.996094       597114       256.00
    5902.335     0.996484       597365       284.44
    5947.391     0.996875       597581       320.00
    6000.639     0.997266       597824       365.71
    6053.887     0.997656       598047       426.67
    6115.327     0.998047       598283       512.00
    6148.095     0.998242       598403       568.89
    6180.863     0.998437       598514       640.00
    6217.727     0.998633       598631       731.43
    6258.687     0.998828       598754       853.33
    6299.647     0.999023       598867      1024.00
    6324.223     0.999121       598929      1137.78
    6348.799     0.999219       598989      1280.00
    6373.375     0.999316       599042      1462.86
    6402.047     0.999414       599105      1706.67
    6434.815     0.999512       599165      2048.00
    6447.103     0.999561       599190      2275.56
    6463.487     0.999609       599216      2560.00
    6483.967     0.999658       599247      2925.71
    6500.351     0.999707       599275      3413.33
    6524.927     0.999756       599305      4096.00
    6537.215     0.999780       599323      4551.11
    6545.407     0.999805       599334      5120.00
    6561.791     0.999829       599350      5851.43
    6578.175     0.999854       599366      6826.67
    6590.463     0.999878       599380      8192.00
    6598.655     0.999890       599387      9102.22
    6606.847     0.999902       599393     10240.00
    6615.039     0.999915       599399     11702.86
    6627.327     0.999927       599408     13653.33
    6635.519     0.999939       599415     16384.00
    6639.615     0.999945       599418     18204.44
    6647.807     0.999951       599422     20480.00
    6655.999     0.999957       599426     23405.71
    6664.191     0.999963       599430     27306.67
    6668.287     0.999969       599432     32768.00
    6672.383     0.999973       599434     36408.89
    6676.479     0.999976       599436     40960.00
    6680.575     0.999979       599438     46811.43
    6688.767     0.999982       599440     54613.33
    6692.863     0.999985       599442     65536.00
    6692.863     0.999986       599442     72817.78
    6696.959     0.999988       599443     81920.00
    6701.055     0.999989       599444     93622.86
    6705.151     0.999991       599445    109226.67
    6709.247     0.999992       599446    131072.00
    6709.247     0.999993       599446    145635.56
    6713.343     0.999994       599447    163840.00
    6713.343     0.999995       599447    187245.71
    6717.439     0.999995       599448    218453.33
    6717.439     0.999996       599448    262144.00
    6717.439     0.999997       599448    291271.11
    6721.535     0.999997       599449    327680.00
    6721.535     0.999997       599449    374491.43
    6721.535     0.999998       599449    436906.67
    6721.535     0.999998       599449    524288.00
    6721.535     0.999998       599449    582542.22
    6725.631     0.999998       599450    655360.00
    6725.631     1.000000       599450          inf
#[Mean    =     1875.113, StdDeviation   =      912.589]
#[Max     =     6721.536, Total count    =       599450]
#[Buckets =           27, SubBuckets     =         2048]
----------------------------------------------------------
  805713 requests in 40.00s, 146.66MB read
  Socket errors: connect 0, read 0, write 0, timeout 12
Requests/sec:  20142.45
Transfer/sec:      3.67MB
