Running 40s test @ http://localhost:8888/
  10 threads and 1000 connections
  Thread calibration: mean lat.: 2.904ms, rate sampling interval: 14ms
  Thread calibration: mean lat.: 2.986ms, rate sampling interval: 14ms
  Thread calibration: mean lat.: 2.910ms, rate sampling interval: 14ms
  Thread calibration: mean lat.: 2.954ms, rate sampling interval: 14ms
  Thread calibration: mean lat.: 3.051ms, rate sampling interval: 15ms
  Thread calibration: mean lat.: 4.099ms, rate sampling interval: 14ms
  Thread calibration: mean lat.: 2.980ms, rate sampling interval: 14ms
  Thread calibration: mean lat.: 3.039ms, rate sampling interval: 15ms
  Thread calibration: mean lat.: 10.255ms, rate sampling interval: 25ms
  Thread calibration: mean lat.: 3.002ms, rate sampling interval: 15ms
  Thread Stats   Avg      Stdev     Max   +/- Stdev
    Latency     4.00ms    3.58ms  17.94ms   79.61%
    Req/Sec     1.55k     1.04k    7.69k    84.13%
  Latency Distribution (HdrHistogram - Recorded Latency)
 50.000%    2.54ms
 75.000%    5.94ms
 90.000%    9.88ms
 99.000%   13.95ms
 99.900%   15.81ms
 99.990%   17.22ms
 99.999%   17.87ms
100.000%   17.95ms

  Detailed Percentile spectrum:
       Value   Percentile   TotalCount 1/(1-Percentile)

       0.123     0.000000            2         1.00
       0.767     0.100000        44251         1.11
       1.102     0.200000        88535         1.25
       1.401     0.300000       132837         1.43
       1.780     0.400000       177001         1.67
       2.537     0.500000       221240         2.00
       3.055     0.550000       243333         2.22
       3.603     0.600000       265483         2.50
       4.211     0.650000       287657         2.86
       4.983     0.700000       309761         3.33
       5.939     0.750000       331832         4.00
       6.495     0.775000       342889         4.44
       7.091     0.800000       353955         5.00
       7.751     0.825000       364976         5.71
       8.431     0.850000       376103         6.67
       9.111     0.875000       387111         8.00
       9.479     0.887500       392689         8.89
       9.879     0.900000       398249        10.00
      10.279     0.912500       403684        11.43
      10.695     0.925000       409289        13.33
      11.127     0.937500       414759        16.00
      11.359     0.943750       417538        17.78
      11.599     0.950000       420304        20.00
      11.855     0.956250       423053        22.86
      12.151     0.962500       425845        26.67
      12.471     0.968750       428585        32.00
      12.639     0.971875       429999        35.56
      12.815     0.975000       431351        40.00
      13.007     0.978125       432773        45.71
      13.215     0.981250       434141        53.33
      13.447     0.984375       435514        64.00
      13.567     0.985938       436174        71.11
      13.703     0.987500       436859        80.00
      13.863     0.989062       437553        91.43
      14.015     0.990625       438258       106.67
      14.167     0.992188       438938       128.00
      14.255     0.992969       439292       142.22
      14.343     0.993750       439633       160.00
      14.463     0.994531       439994       182.86
      14.599     0.995313       440317       213.33
      14.751     0.996094       440672       256.00
      14.831     0.996484       440844       284.44
      14.919     0.996875       441019       320.00
      15.007     0.997266       441189       365.71
      15.111     0.997656       441360       426.67
      15.231     0.998047       441527       512.00
      15.319     0.998242       441614       568.89
      15.431     0.998437       441703       640.00
      15.535     0.998633       441785       731.43
      15.671     0.998828       441872       853.33
      15.823     0.999023       441957      1024.00
      15.895     0.999121       442004      1137.78
      15.959     0.999219       442048      1280.00
      16.047     0.999316       442090      1462.86
      16.143     0.999414       442129      1706.67
      16.287     0.999512       442172      2048.00
      16.375     0.999561       442194      2275.56
      16.479     0.999609       442216      2560.00
      16.575     0.999658       442239      2925.71
      16.671     0.999707       442261      3413.33
      16.783     0.999756       442283      4096.00
      16.815     0.999780       442291      4551.11
      16.895     0.999805       442304      5120.00
      16.959     0.999829       442313      5851.43
      17.055     0.999854       442324      6826.67
      17.135     0.999878       442334      8192.00
      17.183     0.999890       442341      9102.22
      17.215     0.999902       442345     10240.00
      17.295     0.999915       442354     11702.86
      17.343     0.999927       442358     13653.33
      17.375     0.999939       442362     16384.00
      17.407     0.999945       442364     18204.44
      17.455     0.999951       442368     20480.00
      17.487     0.999957       442371     23405.71
      17.535     0.999963       442374     27306.67
      17.567     0.999969       442377     32768.00
      17.567     0.999973       442377     36408.89
      17.599     0.999976       442378     40960.00
      17.615     0.999979       442379     46811.43
      17.647     0.999982       442381     54613.33
      17.679     0.999985       442382     65536.00
      17.679     0.999986       442382     72817.78
      17.823     0.999988       442383     81920.00
      17.871     0.999989       442384     93622.86
      17.871     0.999991       442384    109226.67
      17.903     0.999992       442385    131072.00
      17.903     0.999993       442385    145635.56
      17.919     0.999994       442386    163840.00
      17.919     0.999995       442386    187245.71
      17.919     0.999995       442386    218453.33
      17.935     0.999996       442387    262144.00
      17.935     0.999997       442387    291271.11
      17.935     0.999997       442387    327680.00
      17.935     0.999997       442387    374491.43
      17.935     0.999998       442387    436906.67
      17.951     0.999998       442388    524288.00
      17.951     1.000000       442388          inf
#[Mean    =        4.001, StdDeviation   =        3.580]
#[Max     =       17.936, Total count    =       442388]
#[Buckets =           27, SubBuckets     =         2048]
----------------------------------------------------------
  594371 requests in 40.00s, 108.16MB read
Requests/sec:  14858.12
Transfer/sec:      2.70MB
