Running 40s test @ http://localhost:8888/
  10 threads and 1000 connections
  Thread calibration: mean lat.: 5.915ms, rate sampling interval: 22ms
  Thread calibration: mean lat.: 5.912ms, rate sampling interval: 22ms
  Thread calibration: mean lat.: 5.980ms, rate sampling interval: 23ms
  Thread calibration: mean lat.: 5.992ms, rate sampling interval: 22ms
  Thread calibration: mean lat.: 6.075ms, rate sampling interval: 22ms
  Thread calibration: mean lat.: 6.063ms, rate sampling interval: 22ms
  Thread calibration: mean lat.: 5.989ms, rate sampling interval: 22ms
  Thread calibration: mean lat.: 9.798ms, rate sampling interval: 26ms
  Thread calibration: mean lat.: 7.815ms, rate sampling interval: 24ms
  Thread calibration: mean lat.: 6.026ms, rate sampling interval: 22ms
  Thread Stats   Avg      Stdev     Max   +/- Stdev
    Latency     7.19ms    4.00ms  23.22ms   66.09%
    Req/Sec     2.05k   838.09     4.35k    83.78%
  Latency Distribution (HdrHistogram - Recorded Latency)
 50.000%    6.95ms
 75.000%    9.88ms
 90.000%   12.57ms
 99.000%   17.53ms
 99.900%   20.77ms
 99.990%   22.32ms
 99.999%   23.01ms
100.000%   23.23ms

  Detailed Percentile spectrum:
       Value   Percentile   TotalCount 1/(1-Percentile)

       0.135     0.000000            1         1.00
       2.089     0.100000        59033         1.11
       3.333     0.200000       118018         1.25
       4.611     0.300000       177000         1.43
       5.783     0.400000       236023         1.67
       6.951     0.500000       295078         2.00
       7.511     0.550000       324566         2.22
       8.087     0.600000       354103         2.50
       8.695     0.650000       383571         2.86
       9.303     0.700000       413034         3.33
       9.879     0.750000       442871         4.00
      10.159     0.775000       457569         4.44
      10.471     0.800000       472116         5.00
      10.807     0.825000       486840         5.71
      11.207     0.850000       501659         6.67
      11.847     0.875000       516296         8.00
      12.199     0.887500       523662         8.89
      12.575     0.900000       531015        10.00
      12.967     0.912500       538392        11.43
      13.439     0.925000       545785        13.33
      13.879     0.937500       553194        16.00
      14.135     0.943750       556886        17.78
      14.439     0.950000       560597        20.00
      14.775     0.956250       564240        22.86
      15.143     0.962500       567909        26.67
      15.575     0.968750       571591        32.00
      15.823     0.971875       573433        35.56
      16.071     0.975000       575301        40.00
      16.343     0.978125       577124        45.71
      16.639     0.981250       578951        53.33
      16.943     0.984375       580816        64.00
      17.103     0.985938       581772        71.11
      17.263     0.987500       582663        80.00
      17.423     0.989062       583566        91.43
      17.599     0.990625       584498       106.67
      17.807     0.992188       585409       128.00
      17.935     0.992969       585875       142.22
      18.079     0.993750       586317       160.00
      18.223     0.994531       586776       182.86
      18.367     0.995313       587255       213.33
      18.543     0.996094       587718       256.00
      18.655     0.996484       587943       284.44
      18.815     0.996875       588179       320.00
      19.023     0.997266       588404       365.71
      19.263     0.997656       588624       426.67
      19.583     0.998047       588860       512.00
      19.727     0.998242       588970       568.89
      19.919     0.998437       589082       640.00
      20.159     0.998633       589194       731.43
      20.479     0.998828       589314       853.33
      20.815     0.999023       589428      1024.00
      20.943     0.999121       589487      1137.78
      21.087     0.999219       589541      1280.00
      21.215     0.999316       589600      1462.86
      21.407     0.999414       589659      1706.67
      21.567     0.999512       589715      2048.00
      21.631     0.999561       589743      2275.56
      21.743     0.999609       589771      2560.00
      21.823     0.999658       589808      2925.71
      21.871     0.999707       589829      3413.33
      21.935     0.999756       589857      4096.00
      21.983     0.999780       589875      4551.11
      22.031     0.999805       589888      5120.00
      22.063     0.999829       589900      5851.43
      22.143     0.999854       589914      6826.67
      22.223     0.999878       589929      8192.00
      22.271     0.999890       589936      9102.22
      22.319     0.999902       589945     10240.00
      22.351     0.999915       589950     11702.86
      22.399     0.999927       589957     13653.33
      22.447     0.999939       589964     16384.00
      22.479     0.999945       589969     18204.44
      22.527     0.999951       589972     20480.00
      22.623     0.999957       589975     23405.71
      22.815     0.999963       589979     27306.67
      22.879     0.999969       589982     32768.00
      22.895     0.999973       589984     36408.89
      22.927     0.999976       589986     40960.00
      22.959     0.999979       589989     46811.43
      22.975     0.999982       589992     54613.33
      22.975     0.999985       589992     65536.00
      22.975     0.999986       589992     72817.78
      22.991     0.999988       589993     81920.00
      23.007     0.999989       589996     93622.86
      23.007     0.999991       589996    109226.67
      23.007     0.999992       589996    131072.00
      23.007     0.999993       589996    145635.56
      23.023     0.999994       589997    163840.00
      23.023     0.999995       589997    187245.71
      23.039     0.999995       589998    218453.33
      23.039     0.999996       589998    262144.00
      23.039     0.999997       589998    291271.11
      23.199     0.999997       589999    327680.00
      23.199     0.999997       589999    374491.43
      23.199     0.999998       589999    436906.67
      23.199     0.999998       589999    524288.00
      23.199     0.999998       589999    582542.22
      23.231     0.999998       590000    655360.00
      23.231     1.000000       590000          inf
#[Mean    =        7.195, StdDeviation   =        3.999]
#[Max     =       23.216, Total count    =       590000]
#[Buckets =           27, SubBuckets     =         2048]
----------------------------------------------------------
  792352 requests in 40.01s, 144.22MB read
Requests/sec:  19805.58
Transfer/sec:      3.60MB
