Running 40s test @ http://localhost:8888/
  10 threads and 1000 connections
  Thread calibration: mean lat.: 4.574ms, rate sampling interval: 15ms
  Thread calibration: mean lat.: 4.607ms, rate sampling interval: 15ms
  Thread calibration: mean lat.: 4.597ms, rate sampling interval: 15ms
  Thread calibration: mean lat.: 4.576ms, rate sampling interval: 15ms
  Thread calibration: mean lat.: 4.616ms, rate sampling interval: 15ms
  Thread calibration: mean lat.: 4.599ms, rate sampling interval: 15ms
  Thread calibration: mean lat.: 4.586ms, rate sampling interval: 15ms
  Thread calibration: mean lat.: 4.678ms, rate sampling interval: 15ms
  Thread calibration: mean lat.: 4.622ms, rate sampling interval: 15ms
  Thread calibration: mean lat.: 4.803ms, rate sampling interval: 12ms
  Thread Stats   Avg      Stdev     Max   +/- Stdev
    Latency     7.42ms    3.46ms  19.36ms   67.40%
    Req/Sec     2.18k     1.15k    9.09k    88.94%
  Latency Distribution (HdrHistogram - Recorded Latency)
 50.000%    7.14ms
 75.000%    9.55ms
 90.000%   12.25ms
 99.000%   16.21ms
 99.900%   17.89ms
 99.990%   18.67ms
 99.999%   19.07ms
100.000%   19.38ms

  Detailed Percentile spectrum:
       Value   Percentile   TotalCount 1/(1-Percentile)

       0.200     0.000000            1         1.00
       3.025     0.100000        62023         1.11
       4.331     0.200000       124037         1.25
       5.391     0.300000       185838         1.43
       6.271     0.400000       247968         1.67
       7.143     0.500000       309866         2.00
       7.591     0.550000       340835         2.22
       8.043     0.600000       371737         2.50
       8.519     0.650000       402848         2.86
       9.015     0.700000       433646         3.33
       9.551     0.750000       464626         4.00
       9.855     0.775000       480443         4.44
      10.167     0.800000       495548         5.00
      10.551     0.825000       511273         5.71
      10.999     0.850000       526684         6.67
      11.559     0.875000       542080         8.00
      11.895     0.887500       549800         8.89
      12.247     0.900000       557575        10.00
      12.639     0.912500       565371        11.43
      13.031     0.925000       573095        13.33
      13.471     0.937500       580730        16.00
      13.695     0.943750       584576        17.78
      13.935     0.950000       588539        20.00
      14.191     0.956250       592372        22.86
      14.463     0.962500       596229        26.67
      14.751     0.968750       600115        32.00
      14.911     0.971875       601999        35.56
      15.087     0.975000       603942        40.00
      15.271     0.978125       605937        45.71
      15.471     0.981250       607880        53.33
      15.695     0.984375       609748        64.00
      15.823     0.985938       610725        71.11
      15.967     0.987500       611682        80.00
      16.111     0.989062       612656        91.43
      16.271     0.990625       613665       106.67
      16.447     0.992188       614641       128.00
      16.559     0.992969       615125       142.22
      16.671     0.993750       615545       160.00
      16.815     0.994531       616055       182.86
      16.959     0.995313       616518       213.33
      17.103     0.996094       617006       256.00
      17.199     0.996484       617285       284.44
      17.279     0.996875       617510       320.00
      17.359     0.997266       617732       365.71
      17.471     0.997656       617983       426.67
      17.583     0.998047       618215       512.00
      17.647     0.998242       618348       568.89
      17.711     0.998437       618475       640.00
      17.759     0.998633       618576       731.43
      17.823     0.998828       618697       853.33
      17.903     0.999023       618832      1024.00
      17.935     0.999121       618887      1137.78
      17.983     0.999219       618948      1280.00
      18.031     0.999316       619008      1462.86
      18.079     0.999414       619054      1706.67
      18.143     0.999512       619114      2048.00
      18.175     0.999561       619148      2275.56
      18.223     0.999609       619180      2560.00
      18.255     0.999658       619206      2925.71
      18.303     0.999707       619239      3413.33
      18.383     0.999756       619266      4096.00
      18.431     0.999780       619283      4551.11
      18.479     0.999805       619299      5120.00
      18.527     0.999829       619316      5851.43
      18.575     0.999854       619328      6826.67
      18.623     0.999878       619344      8192.00
      18.655     0.999890       619351      9102.22
      18.671     0.999902       619357     10240.00
      18.703     0.999915       619365     11702.86
      18.735     0.999927       619371     13653.33
      18.783     0.999939       619379     16384.00
      18.815     0.999945       619385     18204.44
      18.863     0.999951       619386     20480.00
      18.895     0.999957       619394     23405.71
      18.895     0.999963       619394     27306.67
      18.943     0.999969       619403     32768.00
      18.943     0.999973       619403     36408.89
      18.943     0.999976       619403     40960.00
      18.943     0.999979       619403     46811.43
      18.991     0.999982       619405     54613.33
      19.039     0.999985       619407     65536.00
      19.055     0.999986       619408     72817.78
      19.071     0.999988       619410     81920.00
      19.071     0.999989       619410     93622.86
      19.119     0.999991       619411    109226.67
      19.135     0.999992       619412    131072.00
      19.135     0.999993       619412    145635.56
      19.151     0.999994       619413    163840.00
      19.151     0.999995       619413    187245.71
      19.231     0.999995       619414    218453.33
      19.231     0.999996       619414    262144.00
      19.231     0.999997       619414    291271.11
      19.327     0.999997       619415    327680.00
      19.327     0.999997       619415    374491.43
      19.327     0.999998       619415    436906.67
      19.327     0.999998       619415    524288.00
      19.327     0.999998       619415    582542.22
      19.375     0.999998       619416    655360.00
      19.375     1.000000       619416          inf
#[Mean    =        7.416, StdDeviation   =        3.459]
#[Max     =       19.360, Total count    =       619416]
#[Buckets =           27, SubBuckets     =         2048]
----------------------------------------------------------
  833507 requests in 40.00s, 151.72MB read
Requests/sec:  20836.34
Transfer/sec:      3.79MB
