Running 40s test @ http://localhost:8888/
  10 threads and 800 connections
  Thread calibration: mean lat.: 2.236ms, rate sampling interval: 10ms
  Thread calibration: mean lat.: 2.338ms, rate sampling interval: 10ms
  Thread calibration: mean lat.: 2.308ms, rate sampling interval: 10ms
  Thread calibration: mean lat.: 2.246ms, rate sampling interval: 10ms
  Thread calibration: mean lat.: 2.313ms, rate sampling interval: 10ms
  Thread calibration: mean lat.: 5.857ms, rate sampling interval: 15ms
  Thread calibration: mean lat.: 2.377ms, rate sampling interval: 10ms
  Thread calibration: mean lat.: 2.336ms, rate sampling interval: 10ms
  Thread calibration: mean lat.: 2.299ms, rate sampling interval: 10ms
  Thread calibration: mean lat.: 9.162ms, rate sampling interval: 21ms
  Thread Stats   Avg      Stdev     Max   +/- Stdev
    Latency     3.47ms    2.89ms  13.87ms   75.85%
    Req/Sec     1.58k     0.87k    5.71k    83.23%
  Latency Distribution (HdrHistogram - Recorded Latency)
 50.000%    2.50ms
 75.000%    4.94ms
 90.000%    8.23ms
 99.000%   11.52ms
 99.900%   12.69ms
 99.990%   13.34ms
 99.999%   13.74ms
100.000%   13.88ms

  Detailed Percentile spectrum:
       Value   Percentile   TotalCount 1/(1-Percentile)

       0.097     0.000000            1         1.00
       0.732     0.100000        44443         1.11
       1.075     0.200000        88883         1.25
       1.411     0.300000       133250         1.43
       1.869     0.400000       177654         1.67
       2.499     0.500000       222091         2.00
       2.845     0.550000       244269         2.22
       3.207     0.600000       266386         2.50
       3.623     0.650000       288656         2.86
       4.155     0.700000       310842         3.33
       4.943     0.750000       333050         4.00
       5.371     0.775000       344095         4.44
       5.863     0.800000       355204         5.00
       6.411     0.825000       366317         5.71
       6.975     0.850000       377418         6.67
       7.579     0.875000       388525         8.00
       7.903     0.887500       394024         8.89
       8.231     0.900000       399618        10.00
       8.591     0.912500       405191        11.43
       8.951     0.925000       410779        13.33
       9.327     0.937500       416287        16.00
       9.511     0.943750       419093        17.78
       9.687     0.950000       421853        20.00
       9.863     0.956250       424568        22.86
      10.087     0.962500       427383        26.67
      10.303     0.968750       430146        32.00
      10.415     0.971875       431510        35.56
      10.543     0.975000       432879        40.00
      10.703     0.978125       434288        45.71
      10.887     0.981250       435679        53.33
      11.087     0.984375       437058        64.00
      11.199     0.985938       437733        71.11
      11.327     0.987500       438454        80.00
      11.447     0.989062       439142        91.43
      11.575     0.990625       439820       106.67
      11.703     0.992188       440514       128.00
      11.775     0.992969       440877       142.22
      11.847     0.993750       441234       160.00
      11.919     0.994531       441565       182.86
      11.999     0.995313       441894       213.33
      12.095     0.996094       442249       256.00
      12.143     0.996484       442417       284.44
      12.199     0.996875       442585       320.00
      12.263     0.997266       442771       365.71
      12.327     0.997656       442937       426.67
      12.415     0.998047       443117       512.00
      12.455     0.998242       443191       568.89
      12.511     0.998437       443290       640.00
      12.567     0.998633       443367       731.43
      12.639     0.998828       443458       853.33
      12.711     0.999023       443547      1024.00
      12.751     0.999121       443586      1137.78
      12.799     0.999219       443626      1280.00
      12.855     0.999316       443672      1462.86
      12.903     0.999414       443713      1706.67
      12.959     0.999512       443759      2048.00
      12.983     0.999561       443782      2275.56
      13.015     0.999609       443803      2560.00
      13.047     0.999658       443820      2925.71
      13.087     0.999707       443843      3413.33
      13.127     0.999756       443863      4096.00
      13.159     0.999780       443877      4551.11
      13.191     0.999805       443884      5120.00
      13.215     0.999829       443895      5851.43
      13.247     0.999854       443906      6826.67
      13.287     0.999878       443916      8192.00
      13.319     0.999890       443925      9102.22
      13.343     0.999902       443927     10240.00
      13.391     0.999915       443934     11702.86
      13.431     0.999927       443938     13653.33
      13.463     0.999939       443943     16384.00
      13.479     0.999945       443946     18204.44
      13.511     0.999951       443949     20480.00
      13.551     0.999957       443952     23405.71
      13.575     0.999963       443954     27306.67
      13.607     0.999969       443957     32768.00
      13.623     0.999973       443958     36408.89
      13.647     0.999976       443960     40960.00
      13.663     0.999979       443961     46811.43
      13.671     0.999982       443962     54613.33
      13.703     0.999985       443964     65536.00
      13.703     0.999986       443964     72817.78
      13.735     0.999988       443965     81920.00
      13.743     0.999989       443966     93622.86
      13.743     0.999991       443966    109226.67
      13.775     0.999992       443967    131072.00
      13.775     0.999993       443967    145635.56
      13.807     0.999994       443968    163840.00
      13.807     0.999995       443968    187245.71
      13.807     0.999995       443968    218453.33
      13.839     0.999996       443969    262144.00
      13.839     0.999997       443969    291271.11
      13.839     0.999997       443969    327680.00
      13.839     0.999997       443969    374491.43
      13.839     0.999998       443969    436906.67
      13.879     0.999998       443970    524288.00
      13.879     1.000000       443970          inf
#[Mean    =        3.474, StdDeviation   =        2.888]
#[Max     =       13.872, Total count    =       443970]
#[Buckets =           27, SubBuckets     =         2048]
----------------------------------------------------------
  594916 requests in 40.04s, 108.26MB read
Requests/sec:  14857.62
Transfer/sec:      2.70MB
