Running 40s test @ http://localhost:8888/
  10 threads and 800 connections
  Thread calibration: mean lat.: 4.882ms, rate sampling interval: 15ms
  Thread calibration: mean lat.: 3.075ms, rate sampling interval: 10ms
  Thread calibration: mean lat.: 3.044ms, rate sampling interval: 10ms
  Thread calibration: mean lat.: 3.137ms, rate sampling interval: 10ms
  Thread calibration: mean lat.: 3.136ms, rate sampling interval: 10ms
  Thread calibration: mean lat.: 3.129ms, rate sampling interval: 11ms
  Thread calibration: mean lat.: 3.168ms, rate sampling interval: 10ms
  Thread calibration: mean lat.: 3.141ms, rate sampling interval: 10ms
  Thread calibration: mean lat.: 3.044ms, rate sampling interval: 10ms
  Thread calibration: mean lat.: 7.239ms, rate sampling interval: 18ms
  Thread Stats   Avg      Stdev     Max   +/- Stdev
    Latency     3.61ms    2.06ms  11.99ms   69.06%
    Req/Sec     2.10k     1.05k    5.71k    75.91%
  Latency Distribution (HdrHistogram - Recorded Latency)
 50.000%    3.20ms
 75.000%    4.88ms
 90.000%    6.43ms
 99.000%    9.39ms
 99.900%   11.22ms
 99.990%   11.61ms
 99.999%   11.79ms
100.000%   12.00ms

  Detailed Percentile spectrum:
       Value   Percentile   TotalCount 1/(1-Percentile)

       0.115     0.000000            1         1.00
       1.224     0.100000        59233         1.11
       1.847     0.200000       118416         1.25
       2.311     0.300000       177677         1.43
       2.747     0.400000       236858         1.67
       3.203     0.500000       296297         2.00
       3.413     0.550000       325780         2.22
       3.719     0.600000       355356         2.50
       4.075     0.650000       384915         2.86
       4.503     0.700000       414529         3.33
       4.875     0.750000       444144         4.00
       5.083     0.775000       459059         4.44
       5.303     0.800000       473622         5.00
       5.535     0.825000       488601         5.71
       5.795     0.850000       503241         6.67
       6.103     0.875000       518075         8.00
       6.267     0.887500       525400         8.89
       6.435     0.900000       532841        10.00
       6.647     0.912500       540282        11.43
       6.911     0.925000       547608        13.33
       7.235     0.937500       555016        16.00
       7.435     0.943750       558731        17.78
       7.639     0.950000       562431        20.00
       7.843     0.956250       566120        22.86
       8.051     0.962500       569829        26.67
       8.263     0.968750       573519        32.00
       8.367     0.971875       575365        35.56
       8.471     0.975000       577251        40.00
       8.575     0.978125       579107        45.71
       8.679     0.981250       580925        53.33
       8.791     0.984375       582771        64.00
       8.863     0.985938       583724        71.11
       8.967     0.987500       584610        80.00
       9.199     0.989062       585537        91.43
       9.527     0.990625       586462       106.67
       9.887     0.992188       587382       128.00
      10.087     0.992969       587848       142.22
      10.287     0.993750       588313       160.00
      10.479     0.994531       588770       182.86
      10.655     0.995313       589227       213.33
      10.815     0.996094       589711       256.00
      10.879     0.996484       589933       284.44
      10.935     0.996875       590163       320.00
      10.983     0.997266       590389       365.71
      11.031     0.997656       590641       426.67
      11.071     0.998047       590844       512.00
      11.103     0.998242       590999       568.89
      11.127     0.998437       591092       640.00
      11.159     0.998633       591218       731.43
      11.191     0.998828       591334       853.33
      11.223     0.999023       591433      1024.00
      11.239     0.999121       591490      1137.78
      11.263     0.999219       591551      1280.00
      11.287     0.999316       591604      1462.86
      11.319     0.999414       591663      1706.67
      11.351     0.999512       591718      2048.00
      11.375     0.999561       591748      2275.56
      11.391     0.999609       591769      2560.00
      11.423     0.999658       591804      2925.71
      11.447     0.999707       591827      3413.33
      11.479     0.999756       591856      4096.00
      11.511     0.999780       591881      4551.11
      11.519     0.999805       591887      5120.00
      11.543     0.999829       591906      5851.43
      11.559     0.999854       591915      6826.67
      11.575     0.999878       591927      8192.00
      11.591     0.999890       591935      9102.22
      11.607     0.999902       591943     10240.00
      11.623     0.999915       591951     11702.86
      11.631     0.999927       591956     13653.33
      11.655     0.999939       591963     16384.00
      11.663     0.999945       591967     18204.44
      11.679     0.999951       591971     20480.00
      11.687     0.999957       591974     23405.71
      11.711     0.999963       591979     27306.67
      11.719     0.999969       591981     32768.00
      11.727     0.999973       591983     36408.89
      11.743     0.999976       591985     40960.00
      11.759     0.999979       591988     46811.43
      11.767     0.999982       591989     54613.33
      11.775     0.999985       591991     65536.00
      11.775     0.999986       591991     72817.78
      11.783     0.999988       591992     81920.00
      11.791     0.999989       591994     93622.86
      11.791     0.999991       591994    109226.67
      11.799     0.999992       591995    131072.00
      11.799     0.999993       591995    145635.56
      11.815     0.999994       591996    163840.00
      11.815     0.999995       591996    187245.71
      11.823     0.999995       591997    218453.33
      11.823     0.999996       591997    262144.00
      11.823     0.999997       591997    291271.11
      11.967     0.999997       591998    327680.00
      11.967     0.999997       591998    374491.43
      11.967     0.999998       591998    436906.67
      11.967     0.999998       591998    524288.00
      11.967     0.999998       591998    582542.22
      11.999     0.999998       591999    655360.00
      11.999     1.000000       591999          inf
#[Mean    =        3.607, StdDeviation   =        2.057]
#[Max     =       11.992, Total count    =       591999]
#[Buckets =           27, SubBuckets     =         2048]
----------------------------------------------------------
  793110 requests in 40.00s, 144.36MB read
Requests/sec:  19826.85
Transfer/sec:      3.61MB
