Running 40s test @ http://localhost:8888/
  10 threads and 800 connections
  Thread calibration: mean lat.: 3.426ms, rate sampling interval: 11ms
  Thread calibration: mean lat.: 3.439ms, rate sampling interval: 11ms
  Thread calibration: mean lat.: 3.419ms, rate sampling interval: 11ms
  Thread calibration: mean lat.: 3.522ms, rate sampling interval: 11ms
  Thread calibration: mean lat.: 3.477ms, rate sampling interval: 11ms
  Thread calibration: mean lat.: 3.513ms, rate sampling interval: 11ms
  Thread calibration: mean lat.: 3.494ms, rate sampling interval: 11ms
  Thread calibration: mean lat.: 3.500ms, rate sampling interval: 11ms
  Thread calibration: mean lat.: 6.804ms, rate sampling interval: 19ms
  Thread calibration: mean lat.: 5.401ms, rate sampling interval: 16ms
  Thread Stats   Avg      Stdev     Max   +/- Stdev
    Latency     3.85ms    2.18ms  12.87ms   68.70%
    Req/Sec     2.20k     0.96k    5.33k    76.85%
  Latency Distribution (HdrHistogram - Recorded Latency)
 50.000%    3.54ms
 75.000%    5.03ms
 90.000%    6.88ms
 99.000%   10.03ms
 99.900%   11.74ms
 99.990%   12.41ms
 99.999%   12.74ms
100.000%   12.88ms

  Detailed Percentile spectrum:
       Value   Percentile   TotalCount 1/(1-Percentile)

       0.113     0.000000            1         1.00
       1.314     0.100000        62210         1.11
       1.889     0.200000       124370         1.25
       2.461     0.300000       186648         1.43
       3.021     0.400000       248824         1.67
       3.539     0.500000       310938         2.00
       3.799     0.550000       341980         2.22
       4.065     0.600000       373087         2.50
       4.355     0.650000       404398         2.86
       4.667     0.700000       435220         3.33
       5.035     0.750000       466390         4.00
       5.239     0.775000       481770         4.44
       5.487     0.800000       497394         5.00
       5.755     0.825000       512938         5.71
       6.047     0.850000       528397         6.67
       6.423     0.875000       544013         8.00
       6.647     0.887500       551693         8.89
       6.879     0.900000       559529        10.00
       7.151     0.912500       567227        11.43
       7.471     0.925000       574977        13.33
       7.827     0.937500       582780        16.00
       8.023     0.943750       586651        17.78
       8.231     0.950000       590684        20.00
       8.439     0.956250       594490        22.86
       8.663     0.962500       598323        26.67
       8.903     0.968750       602286        32.00
       9.023     0.971875       604218        35.56
       9.151     0.975000       606076        40.00
       9.295     0.978125       608008        45.71
       9.463     0.981250       609992        53.33
       9.663     0.984375       611945        64.00
       9.759     0.985938       612892        71.11
       9.863     0.987500       613876        80.00
       9.967     0.989062       614859        91.43
      10.087     0.990625       615782       106.67
      10.255     0.992188       616753       128.00
      10.359     0.992969       617220       142.22
      10.479     0.993750       617711       160.00
      10.591     0.994531       618198       182.86
      10.711     0.995313       618681       213.33
      10.879     0.996094       619167       256.00
      10.991     0.996484       619407       284.44
      11.103     0.996875       619653       320.00
      11.223     0.997266       619897       365.71
      11.335     0.997656       620138       426.67
      11.439     0.998047       620391       512.00
      11.479     0.998242       620497       568.89
      11.535     0.998437       620622       640.00
      11.599     0.998633       620746       731.43
      11.663     0.998828       620862       853.33
      11.751     0.999023       620983      1024.00
      11.799     0.999121       621043      1137.78
      11.847     0.999219       621109      1280.00
      11.895     0.999316       621167      1462.86
      11.951     0.999414       621234      1706.67
      11.999     0.999512       621286      2048.00
      12.031     0.999561       621316      2275.56
      12.071     0.999609       621346      2560.00
      12.127     0.999658       621378      2925.71
      12.175     0.999707       621411      3413.33
      12.231     0.999756       621441      4096.00
      12.255     0.999780       621453      4551.11
      12.279     0.999805       621468      5120.00
      12.311     0.999829       621487      5851.43
      12.335     0.999854       621499      6826.67
      12.367     0.999878       621513      8192.00
      12.383     0.999890       621522      9102.22
      12.415     0.999902       621528     10240.00
      12.431     0.999915       621535     11702.86
      12.463     0.999927       621546     13653.33
      12.495     0.999939       621553     16384.00
      12.503     0.999945       621555     18204.44
      12.527     0.999951       621560     20480.00
      12.567     0.999957       621562     23405.71
      12.615     0.999963       621566     27306.67
      12.647     0.999969       621570     32768.00
      12.655     0.999973       621571     36408.89
      12.663     0.999976       621573     40960.00
      12.679     0.999979       621578     46811.43
      12.679     0.999982       621578     54613.33
      12.703     0.999985       621580     65536.00
      12.703     0.999986       621580     72817.78
      12.711     0.999988       621581     81920.00
      12.743     0.999989       621584     93622.86
      12.743     0.999991       621584    109226.67
      12.743     0.999992       621584    131072.00
      12.743     0.999993       621584    145635.56
      12.775     0.999994       621585    163840.00
      12.775     0.999995       621585    187245.71
      12.807     0.999995       621586    218453.33
      12.807     0.999996       621586    262144.00
      12.807     0.999997       621586    291271.11
      12.839     0.999997       621587    327680.00
      12.839     0.999997       621587    374491.43
      12.839     0.999998       621587    436906.67
      12.839     0.999998       621587    524288.00
      12.839     0.999998       621587    582542.22
      12.879     0.999998       621588    655360.00
      12.879     1.000000       621588          inf
#[Mean    =        3.847, StdDeviation   =        2.177]
#[Max     =       12.872, Total count    =       621588]
#[Buckets =           27, SubBuckets     =         2048]
----------------------------------------------------------
  832768 requests in 40.01s, 151.58MB read
Requests/sec:  20813.21
Transfer/sec:      3.79MB
