Running 40s test @ http://localhost:8888/
  10 threads and 800 connections
  Thread calibration: mean lat.: 6.763ms, rate sampling interval: 22ms
  Thread calibration: mean lat.: 6.811ms, rate sampling interval: 22ms
  Thread calibration: mean lat.: 6.778ms, rate sampling interval: 22ms
  Thread calibration: mean lat.: 6.750ms, rate sampling interval: 22ms
  Thread calibration: mean lat.: 6.942ms, rate sampling interval: 23ms
  Thread calibration: mean lat.: 6.760ms, rate sampling interval: 22ms
  Thread calibration: mean lat.: 6.891ms, rate sampling interval: 22ms
  Thread calibration: mean lat.: 6.854ms, rate sampling interval: 22ms
  Thread calibration: mean lat.: 8.730ms, rate sampling interval: 21ms
  Thread calibration: mean lat.: 6.859ms, rate sampling interval: 22ms
  Thread Stats   Avg      Stdev     Max   +/- Stdev
    Latency     7.12ms    3.04ms  18.29ms   65.70%
    Req/Sec     2.25k   586.69     4.00k    90.49%
  Latency Distribution (HdrHistogram - Recorded Latency)
 50.000%    6.97ms
 75.000%    9.17ms
 90.000%   11.25ms
 99.000%   14.69ms
 99.900%   16.35ms
 99.990%   17.18ms
 99.999%   17.90ms
100.000%   18.30ms

  Detailed Percentile spectrum:
       Value   Percentile   TotalCount 1/(1-Percentile)

       0.288     0.000000            1         1.00
       3.297     0.100000        65136         1.11
       4.303     0.200000       130265         1.25
       5.199     0.300000       195360         1.43
       6.095     0.400000       260727         1.67
       6.967     0.500000       325623         2.00
       7.383     0.550000       358251         2.22
       7.795     0.600000       390738         2.50
       8.215     0.650000       423257         2.86
       8.663     0.700000       456079         3.33
       9.167     0.750000       488804         4.00
       9.439     0.775000       504717         4.44
       9.743     0.800000       520939         5.00
      10.063     0.825000       537430         5.71
      10.407     0.850000       553531         6.67
      10.791     0.875000       569798         8.00
      11.007     0.887500       577911         8.89
      11.247     0.900000       586224        10.00
      11.511     0.912500       594413        11.43
      11.807     0.925000       602449        13.33
      12.143     0.937500       610588        16.00
      12.319     0.943750       614530        17.78
      12.511     0.950000       618638        20.00
      12.735     0.956250       622740        22.86
      12.959     0.962500       626745        26.67
      13.231     0.968750       630895        32.00
      13.383     0.971875       632898        35.56
      13.543     0.975000       634946        40.00
      13.719     0.978125       636962        45.71
      13.919     0.981250       638967        53.33
      14.159     0.984375       641010        64.00
      14.303     0.985938       642045        71.11
      14.439     0.987500       643025        80.00
      14.583     0.989062       644028        91.43
      14.759     0.990625       645051       106.67
      14.959     0.992188       646105       128.00
      15.047     0.992969       646587       142.22
      15.167     0.993750       647119       160.00
      15.279     0.994531       647605       182.86
      15.423     0.995313       648126       213.33
      15.559     0.996094       648632       256.00
      15.631     0.996484       648878       284.44
      15.711     0.996875       649127       320.00
      15.799     0.997266       649391       365.71
      15.887     0.997656       649632       426.67
      15.991     0.998047       649900       512.00
      16.039     0.998242       650006       568.89
      16.111     0.998437       650149       640.00
      16.175     0.998633       650265       731.43
      16.255     0.998828       650394       853.33
      16.359     0.999023       650514      1024.00
      16.431     0.999121       650580      1137.78
      16.511     0.999219       650648      1280.00
      16.575     0.999316       650706      1462.86
      16.655     0.999414       650776      1706.67
      16.767     0.999512       650849      2048.00
      16.799     0.999561       650879      2275.56
      16.831     0.999609       650899      2560.00
      16.879     0.999658       650934      2925.71
      16.911     0.999707       650960      3413.33
      16.959     0.999756       650991      4096.00
      16.991     0.999780       651014      4551.11
      17.007     0.999805       651027      5120.00
      17.055     0.999829       651046      5851.43
      17.071     0.999854       651054      6826.67
      17.151     0.999878       651075      8192.00
      17.167     0.999890       651079      9102.22
      17.199     0.999902       651087     10240.00
      17.247     0.999915       651096     11702.86
      17.295     0.999927       651102     13653.33
      17.439     0.999939       651111     16384.00
      17.487     0.999945       651114     18204.44
      17.567     0.999951       651118     20480.00
      17.647     0.999957       651122     23405.71
      17.711     0.999963       651126     27306.67
      17.791     0.999969       651130     32768.00
      17.807     0.999973       651133     36408.89
      17.823     0.999976       651135     40960.00
      17.839     0.999979       651137     46811.43
      17.855     0.999982       651139     54613.33
      17.871     0.999985       651140     65536.00
      17.887     0.999986       651141     72817.78
      17.903     0.999988       651142     81920.00
      17.935     0.999989       651144     93622.86
      17.935     0.999991       651144    109226.67
      17.967     0.999992       651145    131072.00
      17.967     0.999993       651145    145635.56
      17.983     0.999994       651146    163840.00
      17.983     0.999995       651146    187245.71
      17.999     0.999995       651147    218453.33
      17.999     0.999996       651147    262144.00
      17.999     0.999997       651147    291271.11
      18.111     0.999997       651148    327680.00
      18.111     0.999997       651148    374491.43
      18.111     0.999998       651148    436906.67
      18.111     0.999998       651148    524288.00
      18.111     0.999998       651148    582542.22
      18.303     0.999998       651149    655360.00
      18.303     1.000000       651149          inf
#[Mean    =        7.123, StdDeviation   =        3.039]
#[Max     =       18.288, Total count    =       651149]
#[Buckets =           27, SubBuckets     =         2048]
----------------------------------------------------------
  874029 requests in 40.02s, 159.10MB read
Requests/sec:  21840.59
Transfer/sec:      3.98MB
