Running 40s test @ http://localhost:8888/
  10 threads and 500 connections
  Thread calibration: mean lat.: 1.941ms, rate sampling interval: 10ms
  Thread calibration: mean lat.: 2.408ms, rate sampling interval: 10ms
  Thread calibration: mean lat.: 2.203ms, rate sampling interval: 10ms
  Thread calibration: mean lat.: 2.122ms, rate sampling interval: 10ms
  Thread calibration: mean lat.: 2.094ms, rate sampling interval: 10ms
  Thread calibration: mean lat.: 2.084ms, rate sampling interval: 10ms
  Thread calibration: mean lat.: 2.062ms, rate sampling interval: 10ms
  Thread calibration: mean lat.: 2.039ms, rate sampling interval: 10ms
  Thread calibration: mean lat.: 2.198ms, rate sampling interval: 10ms
  Thread calibration: mean lat.: 2.411ms, rate sampling interval: 10ms
  Thread Stats   Avg      Stdev     Max   +/- Stdev
    Latency     1.98ms    1.28ms   6.29ms   68.61%
    Req/Sec     1.58k   328.15     2.67k    71.22%
  Latency Distribution (HdrHistogram - Recorded Latency)
 50.000%    1.63ms
 75.000%    2.63ms
 90.000%    4.13ms
 99.000%    5.28ms
 99.900%    5.63ms
 99.990%    5.82ms
 99.999%    6.07ms
100.000%    6.29ms

  Detailed Percentile spectrum:
       Value   Percentile   TotalCount 1/(1-Percentile)

       0.086     0.000000            1         1.00
       0.600     0.100000        44643         1.11
       0.903     0.200000        89274         1.25
       1.157     0.300000       134073         1.43
       1.380     0.400000       178595         1.67
       1.634     0.500000       223190         2.00
       1.777     0.550000       245489         2.22
       1.934     0.600000       267766         2.50
       2.117     0.650000       290058         2.86
       2.357     0.700000       312410         3.33
       2.635     0.750000       334766         4.00
       2.809     0.775000       345898         4.44
       3.053     0.800000       357018         5.00
       3.341     0.825000       368138         5.71
       3.609     0.850000       379345         6.67
       3.879     0.875000       390474         8.00
       4.013     0.887500       396081         8.89
       4.127     0.900000       401653        10.00
       4.235     0.912500       407265        11.43
       4.335     0.925000       412753        13.33
       4.447     0.937500       418418        16.00
       4.507     0.943750       421174        17.78
       4.567     0.950000       424005        20.00
       4.631     0.956250       426800        22.86
       4.707     0.962500       429544        26.67
       4.795     0.968750       432280        32.00
       4.851     0.971875       433746        35.56
       4.907     0.975000       435101        40.00
       4.971     0.978125       436464        45.71
       5.047     0.981250       437885        53.33
       5.127     0.984375       439270        64.00
       5.167     0.985938       439962        71.11
       5.211     0.987500       440691        80.00
       5.255     0.989062       441395        91.43
       5.299     0.990625       442066       106.67
       5.347     0.992188       442735       128.00
       5.375     0.992969       443117       142.22
       5.399     0.993750       443452       160.00
       5.427     0.994531       443808       182.86
       5.455     0.995313       444165       213.33
       5.483     0.996094       444504       256.00
       5.499     0.996484       444696       284.44
       5.511     0.996875       444827       320.00
       5.527     0.997266       445013       365.71
       5.547     0.997656       445215       426.67
       5.563     0.998047       445355       512.00
       5.575     0.998242       445463       568.89
       5.583     0.998437       445523       640.00
       5.599     0.998633       445629       731.43
       5.611     0.998828       445704       853.33
       5.627     0.999023       445786      1024.00
       5.639     0.999121       445841      1137.78
       5.647     0.999219       445874      1280.00
       5.659     0.999316       445914      1462.86
       5.671     0.999414       445956      1706.67
       5.691     0.999512       446001      2048.00
       5.703     0.999561       446025      2275.56
       5.711     0.999609       446043      2560.00
       5.723     0.999658       446069      2925.71
       5.735     0.999707       446089      3413.33
       5.751     0.999756       446110      4096.00
       5.763     0.999780       446128      4551.11
       5.767     0.999805       446130      5120.00
       5.779     0.999829       446142      5851.43
       5.787     0.999854       446152      6826.67
       5.803     0.999878       446167      8192.00
       5.807     0.999890       446169      9102.22
       5.819     0.999902       446174     10240.00
       5.835     0.999915       446182     11702.86
       5.839     0.999927       446185     13653.33
       5.855     0.999939       446192     16384.00
       5.859     0.999945       446193     18204.44
       5.871     0.999951       446196     20480.00
       5.883     0.999957       446198     23405.71
       5.903     0.999963       446201     27306.67
       5.911     0.999969       446204     32768.00
       5.915     0.999973       446205     36408.89
       5.979     0.999976       446207     40960.00
       5.983     0.999979       446208     46811.43
       5.987     0.999982       446209     54613.33
       6.007     0.999985       446211     65536.00
       6.007     0.999986       446211     72817.78
       6.011     0.999988       446212     81920.00
       6.071     0.999989       446213     93622.86
       6.071     0.999991       446213    109226.67
       6.127     0.999992       446214    131072.00
       6.127     0.999993       446214    145635.56
       6.215     0.999994       446215    163840.00
       6.215     0.999995       446215    187245.71
       6.215     0.999995       446215    218453.33
       6.227     0.999996       446216    262144.00
       6.227     0.999997       446216    291271.11
       6.227     0.999997       446216    327680.00
       6.227     0.999997       446216    374491.43
       6.227     0.999998       446216    436906.67
       6.291     0.999998       446217    524288.00
       6.291     1.000000       446217          inf
#[Mean    =        1.980, StdDeviation   =        1.276]
#[Max     =        6.288, Total count    =       446217]
#[Buckets =           27, SubBuckets     =         2048]
----------------------------------------------------------
  598281 requests in 40.00s, 108.87MB read
Requests/sec:  14956.13
Transfer/sec:      2.72MB
