Running 40s test @ http://localhost:8888/
  10 threads and 500 connections
  Thread calibration: mean lat.: 3.402ms, rate sampling interval: 11ms
  Thread calibration: mean lat.: 3.708ms, rate sampling interval: 12ms
  Thread calibration: mean lat.: 3.453ms, rate sampling interval: 10ms
  Thread calibration: mean lat.: 3.433ms, rate sampling interval: 11ms
  Thread calibration: mean lat.: 3.379ms, rate sampling interval: 11ms
  Thread calibration: mean lat.: 6.256ms, rate sampling interval: 13ms
  Thread calibration: mean lat.: 3.434ms, rate sampling interval: 11ms
  Thread calibration: mean lat.: 3.459ms, rate sampling interval: 10ms
  Thread calibration: mean lat.: 3.384ms, rate sampling interval: 11ms
  Thread calibration: mean lat.: 3.438ms, rate sampling interval: 10ms
  Thread Stats   Avg      Stdev     Max   +/- Stdev
    Latency     3.58ms    1.79ms  10.34ms   63.57%
    Req/Sec     2.00k   620.47     4.17k    88.81%
  Latency Distribution (HdrHistogram - Recorded Latency)
 50.000%    3.46ms
 75.000%    4.87ms
 90.000%    6.15ms
 99.000%    7.55ms
 99.900%    8.66ms
 99.990%    9.89ms
 99.999%   10.19ms
100.000%   10.35ms

  Detailed Percentile spectrum:
       Value   Percentile   TotalCount 1/(1-Percentile)

       0.099     0.000000            1         1.00
       1.216     0.100000        56614         1.11
       1.878     0.200000       113050         1.25
       2.437     0.300000       169660         1.43
       3.023     0.400000       226233         1.67
       3.459     0.500000       282774         2.00
       3.699     0.550000       311063         2.22
       3.955     0.600000       339176         2.50
       4.263     0.650000       367545         2.86
       4.579     0.700000       395716         3.33
       4.871     0.750000       423988         4.00
       5.039     0.775000       438184         4.44
       5.219     0.800000       452371         5.00
       5.411     0.825000       466320         5.71
       5.651     0.850000       480492         6.67
       5.899     0.875000       494785         8.00
       6.023     0.887500       501749         8.89
       6.147     0.900000       508947        10.00
       6.259     0.912500       515863        11.43
       6.383     0.925000       522966        13.33
       6.523     0.937500       530016        16.00
       6.595     0.943750       533587        17.78
       6.659     0.950000       537125        20.00
       6.719     0.956250       540626        22.86
       6.783     0.962500       544075        26.67
       6.859     0.968750       547587        32.00
       6.907     0.971875       549369        35.56
       6.963     0.975000       551107        40.00
       7.031     0.978125       552864        45.71
       7.119     0.981250       554691        53.33
       7.227     0.984375       556443        64.00
       7.303     0.985938       557283        71.11
       7.395     0.987500       558166        80.00
       7.487     0.989062       559046        91.43
       7.603     0.990625       559946       106.67
       7.707     0.992188       560823       128.00
       7.759     0.992969       561251       142.22
       7.815     0.993750       561711       160.00
       7.871     0.994531       562135       182.86
       7.935     0.995313       562583       213.33
       8.019     0.996094       563028       256.00
       8.063     0.996484       563239       284.44
       8.115     0.996875       563459       320.00
       8.183     0.997266       563681       365.71
       8.263     0.997656       563900       426.67
       8.375     0.998047       564129       512.00
       8.431     0.998242       564240       568.89
       8.495     0.998437       564357       640.00
       8.543     0.998633       564463       731.43
       8.599     0.998828       564564       853.33
       8.679     0.999023       564684      1024.00
       8.727     0.999121       564733      1137.78
       8.807     0.999219       564786      1280.00
       8.919     0.999316       564842      1462.86
       9.023     0.999414       564895      1706.67
       9.111     0.999512       564951      2048.00
       9.167     0.999561       564976      2275.56
       9.231     0.999609       565005      2560.00
       9.295     0.999658       565033      2925.71
       9.367     0.999707       565060      3413.33
       9.479     0.999756       565088      4096.00
       9.543     0.999780       565102      4551.11
       9.607     0.999805       565116      5120.00
       9.663     0.999829       565128      5851.43
       9.759     0.999854       565142      6826.67
       9.831     0.999878       565156      8192.00
       9.871     0.999890       565163      9102.22
       9.895     0.999902       565170     10240.00
       9.927     0.999915       565176     11702.86
       9.967     0.999927       565183     13653.33
      10.007     0.999939       565190     16384.00
      10.015     0.999945       565194     18204.44
      10.047     0.999951       565198     20480.00
      10.055     0.999957       565200     23405.71
      10.087     0.999963       565204     27306.67
      10.119     0.999969       565208     32768.00
      10.127     0.999973       565209     36408.89
      10.135     0.999976       565211     40960.00
      10.151     0.999979       565213     46811.43
      10.159     0.999982       565214     54613.33
      10.175     0.999985       565216     65536.00
      10.183     0.999986       565217     72817.78
      10.191     0.999988       565218     81920.00
      10.191     0.999989       565218     93622.86
      10.215     0.999991       565220    109226.67
      10.215     0.999992       565220    131072.00
      10.231     0.999993       565221    145635.56
      10.231     0.999994       565221    163840.00
      10.231     0.999995       565221    187245.71
      10.255     0.999995       565222    218453.33
      10.255     0.999996       565222    262144.00
      10.295     0.999997       565223    291271.11
      10.295     0.999997       565223    327680.00
      10.295     0.999997       565223    374491.43
      10.295     0.999998       565223    436906.67
      10.295     0.999998       565223    524288.00
      10.351     0.999998       565224    582542.22
      10.351     1.000000       565224          inf
#[Mean    =        3.581, StdDeviation   =        1.786]
#[Max     =       10.344, Total count    =       565224]
#[Buckets =           27, SubBuckets     =         2048]
----------------------------------------------------------
  756057 requests in 40.00s, 137.61MB read
Requests/sec:  18900.04
Transfer/sec:      3.44MB
