Running 40s test @ http://localhost:8888/
  10 threads and 500 connections
  Thread calibration: mean lat.: 185.844ms, rate sampling interval: 719ms
  Thread calibration: mean lat.: 184.374ms, rate sampling interval: 716ms
  Thread calibration: mean lat.: 183.305ms, rate sampling interval: 713ms
  Thread calibration: mean lat.: 184.032ms, rate sampling interval: 715ms
  Thread calibration: mean lat.: 185.176ms, rate sampling interval: 718ms
  Thread calibration: mean lat.: 184.544ms, rate sampling interval: 716ms
  Thread calibration: mean lat.: 219.027ms, rate sampling interval: 756ms
  Thread calibration: mean lat.: 185.973ms, rate sampling interval: 719ms
  Thread calibration: mean lat.: 183.523ms, rate sampling interval: 714ms
  Thread calibration: mean lat.: 183.421ms, rate sampling interval: 714ms
  Thread Stats   Avg      Stdev     Max   +/- Stdev
    Latency     1.06s   386.29ms   1.92s    58.27%
    Req/Sec     2.01k    10.47     2.05k    86.52%
  Latency Distribution (HdrHistogram - Recorded Latency)
 50.000%    1.05s 
 75.000%    1.39s 
 90.000%    1.61s 
 99.000%    1.74s 
 99.900%    1.76s 
 99.990%    1.87s 
 99.999%    1.91s 
100.000%    1.92s 

  Detailed Percentile spectrum:
       Value   Percentile   TotalCount 1/(1-Percentile)

     381.439     0.000000            6         1.00
     535.551     0.100000        59681         1.11
     667.135     0.200000       119353         1.25
     794.623     0.300000       179159         1.43
     920.575     0.400000       238677         1.67
    1048.575     0.500000       298292         2.00
    1115.135     0.550000       328057         2.22
    1181.695     0.600000       358064         2.50
    1252.351     0.650000       387917         2.86
    1323.007     0.700000       417623         3.33
    1394.687     0.750000       447672         4.00
    1429.503     0.775000       462476         4.44
    1465.343     0.800000       477525         5.00
    1500.159     0.825000       492062         5.71
    1537.023     0.850000       507365         6.67
    1571.839     0.875000       522125         8.00
    1589.247     0.887500       529455         8.89
    1606.655     0.900000       536790        10.00
    1625.087     0.912500       544391        11.43
    1643.519     0.925000       551972        13.33
    1661.951     0.937500       559545        16.00
    1670.143     0.943750       562942        17.78
    1679.359     0.950000       566777        20.00
    1688.575     0.956250       570676        22.86
    1696.767     0.962500       574103        26.67
    1705.983     0.968750       577933        32.00
    1711.103     0.971875       580022        35.56
    1715.199     0.975000       581728        40.00
    1719.295     0.978125       583408        45.71
    1724.415     0.981250       585530        53.33
    1728.511     0.984375       587241        64.00
    1730.559     0.985938       588090        71.11
    1733.631     0.987500       589318        80.00
    1735.679     0.989062       590124        91.43
    1737.727     0.990625       590925       106.67
    1740.799     0.992188       592016       128.00
    1741.823     0.992969       592352       142.22
    1743.871     0.993750       592904       160.00
    1745.919     0.994531       593421       182.86
    1746.943     0.995313       593656       213.33
    1748.991     0.996094       594105       256.00
    1751.039     0.996484       594524       284.44
    1752.063     0.996875       594707       320.00
    1753.087     0.997266       594850       365.71
    1755.135     0.997656       595097       426.67
    1757.183     0.998047       595305       512.00
    1758.207     0.998242       595402       568.89
    1759.231     0.998437       595495       640.00
    1761.279     0.998633       595652       731.43
    1763.327     0.998828       595773       853.33
    1765.375     0.999023       595875      1024.00
    1766.399     0.999121       595906      1137.78
    1770.495     0.999219       595960      1280.00
    1778.687     0.999316       596016      1462.86
    1790.975     0.999414       596076      1706.67
    1802.239     0.999512       596131      2048.00
    1809.407     0.999561       596161      2275.56
    1816.575     0.999609       596190      2560.00
    1823.743     0.999658       596220      2925.71
    1831.935     0.999707       596249      3413.33
    1841.151     0.999756       596278      4096.00
    1845.247     0.999780       596293      4551.11
    1850.367     0.999805       596308      5120.00
    1856.511     0.999829       596323      5851.43
    1861.631     0.999854       596336      6826.67
    1867.775     0.999878       596351      8192.00
    1869.823     0.999890       596357      9102.22
    1872.895     0.999902       596364     10240.00
    1878.015     0.999915       596372     11702.86
    1882.111     0.999927       596379     13653.33
    1886.207     0.999939       596386     16384.00
    1889.279     0.999945       596390     18204.44
    1891.327     0.999951       596394     20480.00
    1893.375     0.999957       596398     23405.71
    1895.423     0.999963       596401     27306.67
    1898.495     0.999969       596404     32768.00
    1900.543     0.999973       596406     36408.89
    1902.591     0.999976       596408     40960.00
    1905.663     0.999979       596410     46811.43
    1907.711     0.999982       596412     54613.33
    1908.735     0.999985       596413     65536.00
    1909.759     0.999986       596414     72817.78
    1911.807     0.999988       596415     81920.00
    1912.831     0.999989       596416     93622.86
    1913.855     0.999991       596417    109226.67
    1914.879     0.999992       596418    131072.00
    1914.879     0.999993       596418    145635.56
    1915.903     0.999994       596419    163840.00
    1915.903     0.999995       596419    187245.71
    1916.927     0.999995       596420    218453.33
    1916.927     0.999996       596420    262144.00
    1916.927     0.999997       596420    291271.11
    1917.951     0.999997       596421    327680.00
    1917.951     0.999997       596421    374491.43
    1917.951     0.999998       596421    436906.67
    1917.951     0.999998       596421    524288.00
    1917.951     0.999998       596421    582542.22
    1919.999     0.999998       596422    655360.00
    1919.999     1.000000       596422          inf
#[Mean    =     1061.814, StdDeviation   =      386.286]
#[Max     =     1918.976, Total count    =       596422]
#[Buckets =           27, SubBuckets     =         2048]
----------------------------------------------------------
  798943 requests in 40.01s, 145.42MB read
Requests/sec:  19967.48
Transfer/sec:      3.63MB
