Running 40s test @ http://localhost:8888/
  10 threads and 500 connections
  Thread calibration: mean lat.: 328.608ms, rate sampling interval: 1305ms
  Thread calibration: mean lat.: 329.398ms, rate sampling interval: 1307ms
  Thread calibration: mean lat.: 328.531ms, rate sampling interval: 1305ms
  Thread calibration: mean lat.: 329.270ms, rate sampling interval: 1307ms
  Thread calibration: mean lat.: 498.878ms, rate sampling interval: 1739ms
  Thread calibration: mean lat.: 328.819ms, rate sampling interval: 1306ms
  Thread calibration: mean lat.: 329.208ms, rate sampling interval: 1306ms
  Thread calibration: mean lat.: 328.596ms, rate sampling interval: 1305ms
  Thread calibration: mean lat.: 329.355ms, rate sampling interval: 1307ms
  Thread calibration: mean lat.: 329.506ms, rate sampling interval: 1307ms
  Thread Stats   Avg      Stdev     Max   +/- Stdev
    Latency     1.99s   710.77ms   3.71s    57.91%
    Req/Sec     2.02k     7.19     2.04k    74.42%
  Latency Distribution (HdrHistogram - Recorded Latency)
 50.000%    2.00s 
 75.000%    2.61s 
 90.000%    2.96s 
 99.000%    3.17s 
 99.900%    3.49s 
 99.990%    3.65s 
 99.999%    3.70s 
100.000%    3.71s 

  Detailed Percentile spectrum:
       Value   Percentile   TotalCount 1/(1-Percentile)

     718.335     0.000000            2         1.00
     994.815     0.100000        60142         1.11
    1249.279     0.200000       120223         1.25
    1506.303     0.300000       180386         1.43
    1763.327     0.400000       240430         1.67
    2004.991     0.500000       300435         2.00
    2123.775     0.550000       330690         2.22
    2244.607     0.600000       360679         2.50
    2369.535     0.650000       390527         2.86
    2488.319     0.700000       420854         3.33
    2605.055     0.750000       450780         4.00
    2664.447     0.775000       465883         4.44
    2723.839     0.800000       481018         5.00
    2783.231     0.825000       496044         5.71
    2842.623     0.850000       511050         6.67
    2902.015     0.875000       525991         8.00
    2930.687     0.887500       533246         8.89
    2959.359     0.900000       540708        10.00
    2990.079     0.912500       548628        11.43
    3018.751     0.925000       555993        13.33
    3047.423     0.937500       563472        16.00
    3061.759     0.943750       567220        17.78
    3076.095     0.950000       570922        20.00
    3090.431     0.956250       574677        22.86
    3104.767     0.962500       578440        26.67
    3119.103     0.968750       582253        32.00
    3127.295     0.971875       584430        35.56
    3133.439     0.975000       586065        40.00
    3139.583     0.978125       587689        45.71
    3147.775     0.981250       589837        53.33
    3153.919     0.984375       591441        64.00
    3158.015     0.985938       592497        71.11
    3162.111     0.987500       593567        80.00
    3166.207     0.989062       594549        91.43
    3170.303     0.990625       595382       106.67
    3174.399     0.992188       596102       128.00
    3178.495     0.992969       596709       142.22
    3182.591     0.993750       597121       160.00
    3190.783     0.994531       597538       182.86
    3223.551     0.995313       597975       213.33
    3266.559     0.996094       598430       256.00
    3291.135     0.996484       598674       284.44
    3315.711     0.996875       598906       320.00
    3342.335     0.997266       599142       365.71
    3371.007     0.997656       599380       426.67
    3399.679     0.998047       599597       512.00
    3418.111     0.998242       599726       568.89
    3434.495     0.998437       599839       640.00
    3452.927     0.998633       599953       731.43
    3473.407     0.998828       600071       853.33
    3495.935     0.999023       600193      1024.00
    3506.175     0.999121       600248      1137.78
    3518.463     0.999219       600303      1280.00
    3530.751     0.999316       600361      1462.86
    3545.087     0.999414       600418      1706.67
    3561.471     0.999512       600483      2048.00
    3569.663     0.999561       600511      2275.56
    3577.855     0.999609       600539      2560.00
    3586.047     0.999658       600566      2925.71
    3596.287     0.999707       600595      3413.33
    3608.575     0.999756       600629      4096.00
    3612.671     0.999780       600640      4551.11
    3618.815     0.999805       600654      5120.00
    3627.007     0.999829       600671      5851.43
    3633.151     0.999854       600685      6826.67
    3639.295     0.999878       600698      8192.00
    3643.391     0.999890       600704      9102.22
    3649.535     0.999902       600713     10240.00
    3653.631     0.999915       600720     11702.86
    3657.727     0.999927       600726     13653.33
    3661.823     0.999939       600734     16384.00
    3665.919     0.999945       600738     18204.44
    3670.015     0.999951       600742     20480.00
    3674.111     0.999957       600746     23405.71
    3676.159     0.999963       600748     27306.67
    3680.255     0.999969       600752     32768.00
    3682.303     0.999973       600755     36408.89
    3684.351     0.999976       600758     40960.00
    3684.351     0.999979       600758     46811.43
    3686.399     0.999982       600759     54613.33
    3690.495     0.999985       600761     65536.00
    3692.543     0.999986       600762     72817.78
    3694.591     0.999988       600763     81920.00
    3696.639     0.999989       600764     93622.86
    3698.687     0.999991       600765    109226.67
    3700.735     0.999992       600766    131072.00
    3700.735     0.999993       600766    145635.56
    3702.783     0.999994       600767    163840.00
    3702.783     0.999995       600767    187245.71
    3704.831     0.999995       600768    218453.33
    3704.831     0.999996       600768    262144.00
    3704.831     0.999997       600768    291271.11
    3706.879     0.999997       600769    327680.00
    3706.879     0.999997       600769    374491.43
    3706.879     0.999998       600769    436906.67
    3706.879     0.999998       600769    524288.00
    3706.879     0.999998       600769    582542.22
    3708.927     0.999998       600770    655360.00
    3708.927     1.000000       600770          inf
#[Mean    =     1990.286, StdDeviation   =      710.766]
#[Max     =     3706.880, Total count    =       600770]
#[Buckets =           27, SubBuckets     =         2048]
----------------------------------------------------------
  805395 requests in 40.00s, 146.60MB read
Requests/sec:  20133.99
Transfer/sec:      3.66MB
