Running 40s test @ http://localhost:8888/
  10 threads and 500 connections
  Thread calibration: mean lat.: 505.560ms, rate sampling interval: 2014ms
  Thread calibration: mean lat.: 506.027ms, rate sampling interval: 2015ms
  Thread calibration: mean lat.: 512.900ms, rate sampling interval: 2029ms
  Thread calibration: mean lat.: 1123.156ms, rate sampling interval: 3475ms
  Thread calibration: mean lat.: 511.109ms, rate sampling interval: 2025ms
  Thread calibration: mean lat.: 514.081ms, rate sampling interval: 2031ms
  Thread calibration: mean lat.: 513.672ms, rate sampling interval: 2030ms
  Thread calibration: mean lat.: 511.050ms, rate sampling interval: 2025ms
  Thread calibration: mean lat.: 511.537ms, rate sampling interval: 2025ms
  Thread calibration: mean lat.: 510.694ms, rate sampling interval: 2024ms
  Thread Stats   Avg      Stdev     Max   +/- Stdev
    Latency     3.01s     1.08s    5.87s    58.90%
    Req/Sec     2.02k     4.69     2.03k    73.13%
  Latency Distribution (HdrHistogram - Recorded Latency)
 50.000%    3.01s 
 75.000%    3.92s 
 90.000%    4.49s 
 99.000%    5.06s 
 99.900%    5.60s 
 99.990%    5.80s 
 99.999%    5.86s 
100.000%    5.88s 

  Detailed Percentile spectrum:
       Value   Percentile   TotalCount 1/(1-Percentile)

    1100.799     0.000000            7         1.00
    1528.831     0.100000        60005         1.11
    1910.783     0.200000       120030         1.25
    2279.423     0.300000       180059         1.43
    2643.967     0.400000       240087         1.67
    3010.559     0.500000       300218         2.00
    3190.783     0.550000       330034         2.22
    3371.007     0.600000       360067         2.50
    3557.375     0.650000       390108         2.86
    3739.647     0.700000       420140         3.33
    3921.919     0.750000       449902         4.00
    4014.079     0.775000       464964         4.44
    4106.239     0.800000       479950         5.00
    4202.495     0.825000       495061         5.71
    4296.703     0.850000       510106         6.67
    4390.911     0.875000       525280         8.00
    4435.967     0.887500       532381         8.89
    4485.119     0.900000       540209        10.00
    4534.271     0.912500       547962        11.43
    4579.327     0.925000       555083        13.33
    4628.479     0.937500       562984        16.00
    4648.959     0.943750       566196        17.78
    4673.535     0.950000       570039        20.00
    4698.111     0.956250       573946        22.86
    4722.687     0.962500       577873        26.67
    4743.167     0.968750       581127        32.00
    4755.455     0.971875       583098        35.56
    4767.743     0.975000       585066        40.00
    4780.031     0.978125       586842        45.71
    4812.799     0.981250       588614        53.33
    4890.623     0.984375       590480        64.00
    4935.679     0.985938       591468        71.11
    4980.735     0.987500       592396        80.00
    5029.887     0.989062       593339        91.43
    5083.135     0.990625       594275       106.67
    5140.479     0.992188       595181       128.00
    5173.247     0.992969       595666       142.22
    5206.015     0.993750       596107       160.00
    5242.879     0.994531       596575       182.86
    5283.839     0.995313       597042       213.33
    5328.895     0.996094       597504       256.00
    5357.567     0.996484       597764       284.44
    5382.143     0.996875       597970       320.00
    5414.911     0.997266       598215       365.71
    5451.775     0.997656       598458       426.67
    5488.639     0.998047       598684       512.00
    5509.119     0.998242       598800       568.89
    5529.599     0.998437       598909       640.00
    5554.175     0.998633       599033       731.43
    5578.751     0.998828       599147       853.33
    5607.423     0.999023       599269      1024.00
    5619.711     0.999121       599318      1137.78
    5636.095     0.999219       599382      1280.00
    5652.479     0.999316       599441      1462.86
    5668.863     0.999414       599493      1706.67
    5689.343     0.999512       599556      2048.00
    5701.631     0.999561       599592      2275.56
    5709.823     0.999609       599612      2560.00
    5722.111     0.999658       599643      2925.71
    5734.399     0.999707       599671      3413.33
    5750.783     0.999756       599709      4096.00
    5754.879     0.999780       599715      4551.11
    5763.071     0.999805       599732      5120.00
    5771.263     0.999829       599744      5851.43
    5779.455     0.999854       599759      6826.67
    5791.743     0.999878       599778      8192.00
    5795.839     0.999890       599782      9102.22
    5799.935     0.999902       599786     10240.00
    5804.031     0.999915       599793     11702.86
    5812.223     0.999927       599802     13653.33
    5816.319     0.999939       599808     16384.00
    5824.511     0.999945       599814     18204.44
    5828.607     0.999951       599819     20480.00
    5828.607     0.999957       599819     23405.71
    5832.703     0.999963       599823     27306.67
    5840.895     0.999969       599828     32768.00
    5840.895     0.999973       599828     36408.89
    5844.991     0.999976       599831     40960.00
    5849.087     0.999979       599833     46811.43
    5853.183     0.999982       599835     54613.33
    5853.183     0.999985       599835     65536.00
    5857.279     0.999986       599838     72817.78
    5857.279     0.999988       599838     81920.00
    5857.279     0.999989       599838     93622.86
    5861.375     0.999991       599839    109226.67
    5865.471     0.999992       599840    131072.00
    5865.471     0.999993       599840    145635.56
    5869.567     0.999994       599842    163840.00
    5869.567     0.999995       599842    187245.71
    5869.567     0.999995       599842    218453.33
    5869.567     0.999996       599842    262144.00
    5869.567     0.999997       599842    291271.11
    5873.663     0.999997       599843    327680.00
    5873.663     0.999997       599843    374491.43
    5873.663     0.999998       599843    436906.67
    5873.663     0.999998       599843    524288.00
    5873.663     0.999998       599843    582542.22
    5877.759     0.999998       599844    655360.00
    5877.759     1.000000       599844          inf
#[Mean    =     3012.118, StdDeviation   =     1076.986]
#[Max     =     5873.664, Total count    =       599844]
#[Buckets =           27, SubBuckets     =         2048]
----------------------------------------------------------
  803525 requests in 40.01s, 146.26MB read
Requests/sec:  20084.83
Transfer/sec:      3.66MB
