Running 40s test @ http://localhost:8888/
  10 threads and 500 connections
  Thread calibration: mean lat.: 2.061ms, rate sampling interval: 10ms
  Thread calibration: mean lat.: 2.044ms, rate sampling interval: 10ms
  Thread calibration: mean lat.: 2.045ms, rate sampling interval: 10ms
  Thread calibration: mean lat.: 2.089ms, rate sampling interval: 10ms
  Thread calibration: mean lat.: 2.140ms, rate sampling interval: 10ms
  Thread calibration: mean lat.: 2.099ms, rate sampling interval: 10ms
  Thread calibration: mean lat.: 2.139ms, rate sampling interval: 10ms
  Thread calibration: mean lat.: 1.921ms, rate sampling interval: 10ms
  Thread calibration: mean lat.: 2.135ms, rate sampling interval: 10ms
  Thread calibration: mean lat.: 1.951ms, rate sampling interval: 10ms
  Thread Stats   Avg      Stdev     Max   +/- Stdev
    Latency     1.97ms    1.25ms   7.64ms   69.96%
    Req/Sec     1.58k     0.87k    5.55k    84.02%
  Latency Distribution (HdrHistogram - Recorded Latency)
 50.000%    1.73ms
 75.000%    2.69ms
 90.000%    3.78ms
 99.000%    5.57ms
 99.900%    6.36ms
 99.990%    7.11ms
 99.999%    7.58ms
100.000%    7.64ms

  Detailed Percentile spectrum:
       Value   Percentile   TotalCount 1/(1-Percentile)

       0.074     0.000000            1         1.00
       0.601     0.100000        44679         1.11
       0.867     0.200000        89273         1.25
       1.119     0.300000       134037         1.43
       1.391     0.400000       178472         1.67
       1.731     0.500000       223165         2.00
       1.909     0.550000       245435         2.22
       2.083     0.600000       267866         2.50
       2.273     0.650000       290173         2.86
       2.473     0.700000       312329         3.33
       2.687     0.750000       334717         4.00
       2.801     0.775000       345796         4.44
       2.931     0.800000       356946         5.00
       3.083     0.825000       368215         5.71
       3.269     0.850000       379247         6.67
       3.503     0.875000       390465         8.00
       3.635     0.887500       396019         8.89
       3.775     0.900000       401543        10.00
       3.941     0.912500       407153        11.43
       4.123     0.925000       412787        13.33
       4.303     0.937500       418314        16.00
       4.395     0.943750       421059        17.78
       4.495     0.950000       423965        20.00
       4.591     0.956250       426649        22.86
       4.699     0.962500       429443        26.67
       4.827     0.968750       432290        32.00
       4.899     0.971875       433649        35.56
       4.979     0.975000       435028        40.00
       5.075     0.978125       436399        45.71
       5.183     0.981250       437838        53.33
       5.299     0.984375       439194        64.00
       5.371     0.985938       439904        71.11
       5.443     0.987500       440603        80.00
       5.527     0.989062       441303        91.43
       5.611     0.990625       441982       106.67
       5.695     0.992188       442676       128.00
       5.739     0.992969       443024       142.22
       5.787     0.993750       443405       160.00
       5.831     0.994531       443740       182.86
       5.879     0.995313       444079       213.33
       5.931     0.996094       444415       256.00
       5.967     0.996484       444605       284.44
       6.003     0.996875       444770       320.00
       6.039     0.997266       444941       365.71
       6.079     0.997656       445110       426.67
       6.139     0.998047       445295       512.00
       6.167     0.998242       445374       568.89
       6.207     0.998437       445459       640.00
       6.243     0.998633       445546       731.43
       6.307     0.998828       445638       853.33
       6.367     0.999023       445724      1024.00
       6.399     0.999121       445765      1137.78
       6.439     0.999219       445810      1280.00
       6.491     0.999316       445853      1462.86
       6.563     0.999414       445894      1706.67
       6.659     0.999512       445938      2048.00
       6.703     0.999561       445960      2275.56
       6.735     0.999609       445981      2560.00
       6.775     0.999658       446004      2925.71
       6.823     0.999707       446026      3413.33
       6.887     0.999756       446047      4096.00
       6.919     0.999780       446057      4551.11
       6.963     0.999805       446069      5120.00
       6.999     0.999829       446080      5851.43
       7.035     0.999854       446091      6826.67
       7.071     0.999878       446102      8192.00
       7.091     0.999890       446106      9102.22
       7.115     0.999902       446112     10240.00
       7.139     0.999915       446118     11702.86
       7.171     0.999927       446123     13653.33
       7.203     0.999939       446128     16384.00
       7.247     0.999945       446131     18204.44
       7.267     0.999951       446134     20480.00
       7.291     0.999957       446136     23405.71
       7.335     0.999963       446139     27306.67
       7.387     0.999969       446143     32768.00
       7.387     0.999973       446143     36408.89
       7.423     0.999976       446145     40960.00
       7.459     0.999979       446146     46811.43
       7.535     0.999982       446147     54613.33
       7.575     0.999985       446149     65536.00
       7.575     0.999986       446149     72817.78
       7.579     0.999988       446150     81920.00
       7.583     0.999989       446151     93622.86
       7.583     0.999991       446151    109226.67
       7.599     0.999992       446152    131072.00
       7.599     0.999993       446152    145635.56
       7.619     0.999994       446153    163840.00
       7.619     0.999995       446153    187245.71
       7.619     0.999995       446153    218453.33
       7.631     0.999996       446154    262144.00
       7.631     0.999997       446154    291271.11
       7.631     0.999997       446154    327680.00
       7.631     0.999997       446154    374491.43
       7.631     0.999998       446154    436906.67
       7.643     0.999998       446155    524288.00
       7.643     1.000000       446155          inf
#[Mean    =        1.974, StdDeviation   =        1.247]
#[Max     =        7.640, Total count    =       446155]
#[Buckets =           27, SubBuckets     =         2048]
----------------------------------------------------------
  596942 requests in 40.00s, 108.63MB read
Requests/sec:  14922.76
Transfer/sec:      2.72MB
