Running 40s test @ http://localhost:8888/
  10 threads and 500 connections
  Thread calibration: mean lat.: 2.957ms, rate sampling interval: 11ms
  Thread calibration: mean lat.: 2.997ms, rate sampling interval: 11ms
  Thread calibration: mean lat.: 2.927ms, rate sampling interval: 11ms
  Thread calibration: mean lat.: 3.006ms, rate sampling interval: 12ms
  Thread calibration: mean lat.: 3.094ms, rate sampling interval: 11ms
  Thread calibration: mean lat.: 3.118ms, rate sampling interval: 11ms
  Thread calibration: mean lat.: 3.104ms, rate sampling interval: 12ms
  Thread calibration: mean lat.: 2.550ms, rate sampling interval: 10ms
  Thread calibration: mean lat.: 3.089ms, rate sampling interval: 11ms
  Thread calibration: mean lat.: 3.086ms, rate sampling interval: 11ms
  Thread Stats   Avg      Stdev     Max   +/- Stdev
    Latency     2.93ms    1.81ms   9.67ms   66.70%
    Req/Sec     1.99k     0.91k    5.55k    86.47%
  Latency Distribution (HdrHistogram - Recorded Latency)
 50.000%    2.59ms
 75.000%    4.00ms
 90.000%    5.66ms
 99.000%    7.78ms
 99.900%    8.46ms
 99.990%    8.84ms
 99.999%    9.38ms
100.000%    9.68ms

  Detailed Percentile spectrum:
       Value   Percentile   TotalCount 1/(1-Percentile)

       0.079     0.000000            1         1.00
       0.861     0.100000        56648         1.11
       1.290     0.200000       113102         1.25
       1.687     0.300000       169633         1.43
       2.105     0.400000       226218         1.67
       2.593     0.500000       282772         2.00
       2.849     0.550000       310912         2.22
       3.107     0.600000       339144         2.50
       3.387     0.650000       367531         2.86
       3.681     0.700000       395656         3.33
       4.003     0.750000       423957         4.00
       4.191     0.775000       438137         4.44
       4.435     0.800000       452216         5.00
       4.747     0.825000       466453         5.71
       5.051     0.850000       480425         6.67
       5.359     0.875000       494604         8.00
       5.511     0.887500       501645         8.89
       5.663     0.900000       508900        10.00
       5.803     0.912500       515906        11.43
       5.979     0.925000       522850        13.33
       6.183     0.937500       529929        16.00
       6.295     0.943750       533460        17.78
       6.439     0.950000       536946        20.00
       6.599     0.956250       540515        22.86
       6.767     0.962500       544090        26.67
       6.943     0.968750       547621        32.00
       7.023     0.971875       549373        35.56
       7.095     0.975000       551091        40.00
       7.179     0.978125       552837        45.71
       7.275     0.981250       554641        53.33
       7.411     0.984375       556368        64.00
       7.515     0.985938       557253        71.11
       7.627     0.987500       558156        80.00
       7.723     0.989062       559043        91.43
       7.815     0.990625       559912       106.67
       7.903     0.992188       560800       128.00
       7.951     0.992969       561229       142.22
       8.003     0.993750       561688       160.00
       8.055     0.994531       562140       182.86
       8.107     0.995313       562581       213.33
       8.163     0.996094       562998       256.00
       8.199     0.996484       563235       284.44
       8.231     0.996875       563445       320.00
       8.279     0.997266       563685       365.71
       8.319     0.997656       563899       426.67
       8.359     0.998047       564109       512.00
       8.383     0.998242       564230       568.89
       8.399     0.998437       564317       640.00
       8.423     0.998633       564446       731.43
       8.447     0.998828       564564       853.33
       8.471     0.999023       564668      1024.00
       8.487     0.999121       564710      1137.78
       8.503     0.999219       564771      1280.00
       8.519     0.999316       564836      1462.86
       8.535     0.999414       564888      1706.67
       8.551     0.999512       564939      2048.00
       8.559     0.999561       564958      2275.56
       8.575     0.999609       564994      2560.00
       8.583     0.999658       565015      2925.71
       8.599     0.999707       565044      3413.33
       8.623     0.999756       565065      4096.00
       8.647     0.999780       565075      4551.11
       8.671     0.999805       565090      5120.00
       8.703     0.999829       565103      5851.43
       8.743     0.999854       565122      6826.67
       8.783     0.999878       565132      8192.00
       8.799     0.999890       565137      9102.22
       8.855     0.999902       565144     10240.00
       8.903     0.999915       565152     11702.86
       8.951     0.999927       565158     13653.33
       8.983     0.999939       565167     16384.00
       8.991     0.999945       565168     18204.44
       9.023     0.999951       565172     20480.00
       9.055     0.999957       565176     23405.71
       9.119     0.999963       565179     27306.67
       9.159     0.999969       565182     32768.00
       9.239     0.999973       565187     36408.89
       9.239     0.999976       565187     40960.00
       9.239     0.999979       565187     46811.43
       9.303     0.999982       565189     54613.33
       9.335     0.999985       565191     65536.00
       9.359     0.999986       565192     72817.78
       9.375     0.999988       565193     81920.00
       9.375     0.999989       565193     93622.86
       9.383     0.999991       565194    109226.67
       9.391     0.999992       565195    131072.00
       9.399     0.999993       565196    145635.56
       9.399     0.999994       565196    163840.00
       9.399     0.999995       565196    187245.71
       9.407     0.999995       565197    218453.33
       9.407     0.999996       565197    262144.00
       9.455     0.999997       565198    291271.11
       9.455     0.999997       565198    327680.00
       9.455     0.999997       565198    374491.43
       9.455     0.999998       565198    436906.67
       9.455     0.999998       565198    524288.00
       9.679     0.999998       565199    582542.22
       9.679     1.000000       565199          inf
#[Mean    =        2.931, StdDeviation   =        1.809]
#[Max     =        9.672, Total count    =       565199]
#[Buckets =           27, SubBuckets     =         2048]
----------------------------------------------------------
  756109 requests in 40.00s, 137.62MB read
Requests/sec:  18901.53
Transfer/sec:      3.44MB
