Running 40s test @ http://localhost:8888/
  10 threads and 500 connections
  Thread calibration: mean lat.: 2.963ms, rate sampling interval: 10ms
  Thread calibration: mean lat.: 3.167ms, rate sampling interval: 10ms
  Thread calibration: mean lat.: 2.813ms, rate sampling interval: 10ms
  Thread calibration: mean lat.: 3.125ms, rate sampling interval: 10ms
  Thread calibration: mean lat.: 3.337ms, rate sampling interval: 10ms
  Thread calibration: mean lat.: 3.974ms, rate sampling interval: 10ms
  Thread calibration: mean lat.: 3.862ms, rate sampling interval: 10ms
  Thread calibration: mean lat.: 3.134ms, rate sampling interval: 10ms
  Thread calibration: mean lat.: 3.607ms, rate sampling interval: 10ms
  Thread calibration: mean lat.: 3.384ms, rate sampling interval: 10ms
  Thread Stats   Avg      Stdev     Max   +/- Stdev
    Latency     2.79ms    1.45ms   8.96ms   65.48%
    Req/Sec     2.11k   480.55     4.22k    75.22%
  Latency Distribution (HdrHistogram - Recorded Latency)
 50.000%    2.60ms
 75.000%    3.83ms
 90.000%    4.82ms
 99.000%    6.39ms
 99.900%    7.38ms
 99.990%    8.18ms
 99.999%    8.77ms
100.000%    8.97ms

  Detailed Percentile spectrum:
       Value   Percentile   TotalCount 1/(1-Percentile)

       0.103     0.000000            1         1.00
       1.035     0.100000        59553         1.11
       1.463     0.200000       119141         1.25
       1.812     0.300000       178533         1.43
       2.183     0.400000       238207         1.67
       2.597     0.500000       297591         2.00
       2.819     0.550000       327265         2.22
       3.041     0.600000       357171         2.50
       3.275     0.650000       386847         2.86
       3.533     0.700000       416703         3.33
       3.825     0.750000       446277         4.00
       3.981     0.775000       461148         4.44
       4.123     0.800000       476043         5.00
       4.263     0.825000       491010         5.71
       4.423     0.850000       505877         6.67
       4.615     0.875000       520646         8.00
       4.711     0.887500       528214         8.89
       4.815     0.900000       535722        10.00
       4.923     0.912500       542978        11.43
       5.059     0.925000       550515        13.33
       5.203     0.937500       557897        16.00
       5.283     0.943750       561625        17.78
       5.371     0.950000       565320        20.00
       5.471     0.956250       569036        22.86
       5.575     0.962500       572745        26.67
       5.703     0.968750       576468        32.00
       5.783     0.971875       578325        35.56
       5.871     0.975000       580157        40.00
       5.967     0.978125       582015        45.71
       6.071     0.981250       583898        53.33
       6.175     0.984375       585710        64.00
       6.231     0.985938       586671        71.11
       6.287     0.987500       587575        80.00
       6.347     0.989062       588496        91.43
       6.415     0.990625       589435       106.67
       6.495     0.992188       590384       128.00
       6.535     0.992969       590806       142.22
       6.587     0.993750       591281       160.00
       6.651     0.994531       591746       182.86
       6.719     0.995313       592217       213.33
       6.803     0.996094       592661       256.00
       6.859     0.996484       592902       284.44
       6.911     0.996875       593135       320.00
       6.967     0.997266       593361       365.71
       7.035     0.997656       593605       426.67
       7.107     0.998047       593831       512.00
       7.151     0.998242       593944       568.89
       7.199     0.998437       594056       640.00
       7.259     0.998633       594181       731.43
       7.319     0.998828       594295       853.33
       7.387     0.999023       594405      1024.00
       7.423     0.999121       594465      1137.78
       7.467     0.999219       594524      1280.00
       7.511     0.999316       594581      1462.86
       7.571     0.999414       594637      1706.67
       7.651     0.999512       594695      2048.00
       7.695     0.999561       594728      2275.56
       7.739     0.999609       594754      2560.00
       7.783     0.999658       594784      2925.71
       7.839     0.999707       594812      3413.33
       7.891     0.999756       594840      4096.00
       7.935     0.999780       594855      4551.11
       7.967     0.999805       594870      5120.00
       8.003     0.999829       594884      5851.43
       8.051     0.999854       594899      6826.67
       8.107     0.999878       594914      8192.00
       8.139     0.999890       594920      9102.22
       8.179     0.999902       594930     10240.00
       8.223     0.999915       594935     11702.86
       8.279     0.999927       594942     13653.33
       8.335     0.999939       594949     16384.00
       8.367     0.999945       594954     18204.44
       8.383     0.999951       594956     20480.00
       8.423     0.999957       594961     23405.71
       8.503     0.999963       594964     27306.67
       8.519     0.999969       594967     32768.00
       8.543     0.999973       594969     36408.89
       8.591     0.999976       594971     40960.00
       8.623     0.999979       594973     46811.43
       8.671     0.999982       594975     54613.33
       8.679     0.999985       594976     65536.00
       8.703     0.999986       594977     72817.78
       8.735     0.999988       594978     81920.00
       8.775     0.999989       594979     93622.86
       8.783     0.999991       594980    109226.67
       8.839     0.999992       594981    131072.00
       8.839     0.999993       594981    145635.56
       8.847     0.999994       594983    163840.00
       8.847     0.999995       594983    187245.71
       8.847     0.999995       594983    218453.33
       8.847     0.999996       594983    262144.00
       8.847     0.999997       594983    291271.11
       8.911     0.999997       594984    327680.00
       8.911     0.999997       594984    374491.43
       8.911     0.999998       594984    436906.67
       8.911     0.999998       594984    524288.00
       8.911     0.999998       594984    582542.22
       8.967     0.999998       594985    655360.00
       8.967     1.000000       594985          inf
#[Mean    =        2.785, StdDeviation   =        1.450]
#[Max     =        8.960, Total count    =       594985]
#[Buckets =           27, SubBuckets     =         2048]
----------------------------------------------------------
  797520 requests in 40.00s, 145.16MB read
Requests/sec:  19937.20
Transfer/sec:      3.63MB
