Running 40s test @ http://localhost:8888/
  10 threads and 500 connections
  Thread calibration: mean lat.: 2.791ms, rate sampling interval: 10ms
  Thread calibration: mean lat.: 2.853ms, rate sampling interval: 10ms
  Thread calibration: mean lat.: 2.797ms, rate sampling interval: 10ms
  Thread calibration: mean lat.: 2.779ms, rate sampling interval: 10ms
  Thread calibration: mean lat.: 2.862ms, rate sampling interval: 10ms
  Thread calibration: mean lat.: 2.825ms, rate sampling interval: 10ms
  Thread calibration: mean lat.: 2.758ms, rate sampling interval: 10ms
  Thread calibration: mean lat.: 5.006ms, rate sampling interval: 13ms
  Thread calibration: mean lat.: 2.782ms, rate sampling interval: 10ms
  Thread calibration: mean lat.: 2.845ms, rate sampling interval: 10ms
  Thread Stats   Avg      Stdev     Max   +/- Stdev
    Latency     2.96ms    1.54ms   9.74ms   70.70%
    Req/Sec     2.21k   582.85     4.17k    87.35%
  Latency Distribution (HdrHistogram - Recorded Latency)
 50.000%    2.68ms
 75.000%    3.86ms
 90.000%    5.17ms
 99.000%    7.22ms
 99.900%    7.94ms
 99.990%    8.61ms
 99.999%    9.10ms
100.000%    9.74ms

  Detailed Percentile spectrum:
       Value   Percentile   TotalCount 1/(1-Percentile)

       0.097     0.000000            2         1.00
       1.258     0.100000        62503         1.11
       1.639     0.200000       124950         1.25
       1.960     0.300000       187523         1.43
       2.287     0.400000       250040         1.67
       2.685     0.500000       312371         2.00
       2.901     0.550000       343668         2.22
       3.125     0.600000       374921         2.50
       3.351     0.650000       406188         2.86
       3.591     0.700000       437408         3.33
       3.857     0.750000       468629         4.00
       3.999     0.775000       484226         4.44
       4.159     0.800000       500054         5.00
       4.335     0.825000       515455         5.71
       4.555     0.850000       531171         6.67
       4.819     0.875000       546687         8.00
       4.983     0.887500       554574         8.89
       5.167     0.900000       562266        10.00
       5.371     0.912500       570093        11.43
       5.575     0.925000       577940        13.33
       5.799     0.937500       585817        16.00
       5.915     0.943750       589621        17.78
       6.047     0.950000       593597        20.00
       6.187     0.956250       597458        22.86
       6.347     0.962500       601359        26.67
       6.519     0.968750       605212        32.00
       6.611     0.971875       607245        35.56
       6.707     0.975000       609181        40.00
       6.807     0.978125       611118        45.71
       6.911     0.981250       613050        53.33
       7.019     0.984375       614995        64.00
       7.075     0.985938       615984        71.11
       7.131     0.987500       616986        80.00
       7.187     0.989062       617962        91.43
       7.247     0.990625       618886       106.67
       7.323     0.992188       619853       128.00
       7.367     0.992969       620371       142.22
       7.411     0.993750       620847       160.00
       7.459     0.994531       621336       182.86
       7.511     0.995313       621808       213.33
       7.575     0.996094       622304       256.00
       7.611     0.996484       622556       284.44
       7.651     0.996875       622792       320.00
       7.691     0.997266       623035       365.71
       7.735     0.997656       623277       426.67
       7.783     0.998047       623515       512.00
       7.811     0.998242       623642       568.89
       7.835     0.998437       623759       640.00
       7.867     0.998633       623888       731.43
       7.907     0.998828       624019       853.33
       7.951     0.999023       624128      1024.00
       7.979     0.999121       624189      1137.78
       8.007     0.999219       624256      1280.00
       8.035     0.999316       624306      1462.86
       8.067     0.999414       624368      1706.67
       8.099     0.999512       624431      2048.00
       8.123     0.999561       624458      2275.56
       8.159     0.999609       624489      2560.00
       8.199     0.999658       624531      2925.71
       8.231     0.999707       624559      3413.33
       8.271     0.999756       624582      4096.00
       8.303     0.999780       624596      4551.11
       8.343     0.999805       624610      5120.00
       8.399     0.999829       624629      5851.43
       8.463     0.999854       624641      6826.67
       8.543     0.999878       624656      8192.00
       8.567     0.999890       624664      9102.22
       8.615     0.999902       624671     10240.00
       8.751     0.999915       624682     11702.86
       8.783     0.999927       624687     13653.33
       8.815     0.999939       624695     16384.00
       8.839     0.999945       624698     18204.44
       8.895     0.999951       624703     20480.00
       8.927     0.999957       624706     23405.71
       8.959     0.999963       624711     27306.67
       8.975     0.999969       624716     32768.00
       8.975     0.999973       624716     36408.89
       8.983     0.999976       624717     40960.00
       9.007     0.999979       624720     46811.43
       9.015     0.999982       624722     54613.33
       9.039     0.999985       624723     65536.00
       9.047     0.999986       624724     72817.78
       9.063     0.999988       624725     81920.00
       9.103     0.999989       624726     93622.86
       9.135     0.999991       624727    109226.67
       9.167     0.999992       624728    131072.00
       9.167     0.999993       624728    145635.56
       9.183     0.999994       624730    163840.00
       9.183     0.999995       624730    187245.71
       9.183     0.999995       624730    218453.33
       9.183     0.999996       624730    262144.00
       9.183     0.999997       624730    291271.11
       9.479     0.999997       624731    327680.00
       9.479     0.999997       624731    374491.43
       9.479     0.999998       624731    436906.67
       9.479     0.999998       624731    524288.00
       9.479     0.999998       624731    582542.22
       9.743     0.999998       624732    655360.00
       9.743     1.000000       624732          inf
#[Mean    =        2.962, StdDeviation   =        1.540]
#[Max     =        9.736, Total count    =       624732]
#[Buckets =           27, SubBuckets     =         2048]
----------------------------------------------------------
  835691 requests in 40.00s, 152.12MB read
Requests/sec:  20890.66
Transfer/sec:      3.80MB
