Running 40s test @ http://localhost:8888/
  10 threads and 800 connections
  Thread calibration: mean lat.: 2.631ms, rate sampling interval: 10ms
  Thread calibration: mean lat.: 2.633ms, rate sampling interval: 10ms
  Thread calibration: mean lat.: 2.590ms, rate sampling interval: 10ms
  Thread calibration: mean lat.: 2.748ms, rate sampling interval: 11ms
  Thread calibration: mean lat.: 2.772ms, rate sampling interval: 11ms
  Thread calibration: mean lat.: 2.624ms, rate sampling interval: 10ms
  Thread calibration: mean lat.: 2.672ms, rate sampling interval: 10ms
  Thread calibration: mean lat.: 2.651ms, rate sampling interval: 10ms
  Thread calibration: mean lat.: 2.632ms, rate sampling interval: 10ms
  Thread calibration: mean lat.: 3.589ms, rate sampling interval: 14ms
  Thread Stats   Avg      Stdev     Max   +/- Stdev
    Latency     2.97ms    2.05ms  11.28ms   69.98%
    Req/Sec     1.58k   776.18     6.15k    85.69%
  Latency Distribution (HdrHistogram - Recorded Latency)
 50.000%    2.47ms
 75.000%    4.26ms
 90.000%    5.89ms
 99.000%    8.88ms
 99.900%   10.10ms
 99.990%   10.74ms
 99.999%   11.04ms
100.000%   11.29ms

  Detailed Percentile spectrum:
       Value   Percentile   TotalCount 1/(1-Percentile)

       0.102     0.000000            1         1.00
       0.799     0.100000        44477         1.11
       1.150     0.200000        88839         1.25
       1.480     0.300000       133268         1.43
       1.892     0.400000       177622         1.67
       2.473     0.500000       222123         2.00
       2.779     0.550000       244198         2.22
       3.129     0.600000       266475         2.50
       3.489     0.650000       288615         2.86
       3.865     0.700000       310878         3.33
       4.255     0.750000       333016         4.00
       4.463     0.775000       344136         4.44
       4.687     0.800000       355353         5.00
       4.931     0.825000       366357         5.71
       5.207     0.850000       377392         6.67
       5.519     0.875000       388505         8.00
       5.699     0.887500       394131         8.89
       5.895     0.900000       399634        10.00
       6.111     0.912500       405154        11.43
       6.363     0.925000       410719        13.33
       6.655     0.937500       416289        16.00
       6.819     0.943750       419065        17.78
       6.999     0.950000       421831        20.00
       7.203     0.956250       424580        22.86
       7.451     0.962500       427346        26.67
       7.727     0.968750       430108        32.00
       7.879     0.971875       431522        35.56
       8.027     0.975000       432913        40.00
       8.183     0.978125       434291        45.71
       8.351     0.981250       435716        53.33
       8.519     0.984375       437074        64.00
       8.615     0.985938       437774        71.11
       8.711     0.987500       438463        80.00
       8.815     0.989062       439153        91.43
       8.927     0.990625       439828       106.67
       9.055     0.992188       440531       128.00
       9.135     0.992969       440901       142.22
       9.207     0.993750       441226       160.00
       9.295     0.994531       441561       182.86
       9.391     0.995313       441906       213.33
       9.495     0.996094       442269       256.00
       9.551     0.996484       442439       284.44
       9.607     0.996875       442599       320.00
       9.671     0.997266       442779       365.71
       9.727     0.997656       442943       426.67
       9.807     0.998047       443119       512.00
       9.855     0.998242       443205       568.89
       9.911     0.998437       443298       640.00
       9.975     0.998633       443375       731.43
      10.039     0.998828       443462       853.33
      10.103     0.999023       443548      1024.00
      10.143     0.999121       443600      1137.78
      10.175     0.999219       443637      1280.00
      10.215     0.999316       443685      1462.86
      10.255     0.999414       443723      1706.67
      10.311     0.999512       443775      2048.00
      10.327     0.999561       443786      2275.56
      10.367     0.999609       443810      2560.00
      10.407     0.999658       443831      2925.71
      10.455     0.999707       443858      3413.33
      10.503     0.999756       443876      4096.00
      10.535     0.999780       443884      4551.11
      10.575     0.999805       443896      5120.00
      10.623     0.999829       443908      5851.43
      10.663     0.999854       443916      6826.67
      10.703     0.999878       443929      8192.00
      10.719     0.999890       443933      9102.22
      10.743     0.999902       443940     10240.00
      10.775     0.999915       443944     11702.86
      10.783     0.999927       443949     13653.33
      10.807     0.999939       443954     16384.00
      10.823     0.999945       443957     18204.44
      10.863     0.999951       443962     20480.00
      10.879     0.999957       443965     23405.71
      10.879     0.999963       443965     27306.67
      10.919     0.999969       443968     32768.00
      10.927     0.999973       443969     36408.89
      10.959     0.999976       443971     40960.00
      10.967     0.999979       443972     46811.43
      10.975     0.999982       443973     54613.33
      11.007     0.999985       443975     65536.00
      11.007     0.999986       443975     72817.78
      11.023     0.999988       443976     81920.00
      11.039     0.999989       443977     93622.86
      11.039     0.999991       443977    109226.67
      11.055     0.999992       443978    131072.00
      11.055     0.999993       443978    145635.56
      11.183     0.999994       443979    163840.00
      11.183     0.999995       443979    187245.71
      11.183     0.999995       443979    218453.33
      11.255     0.999996       443980    262144.00
      11.255     0.999997       443980    291271.11
      11.255     0.999997       443980    327680.00
      11.255     0.999997       443980    374491.43
      11.255     0.999998       443980    436906.67
      11.287     0.999998       443981    524288.00
      11.287     1.000000       443981          inf
#[Mean    =        2.975, StdDeviation   =        2.048]
#[Max     =       11.280, Total count    =       443981]
#[Buckets =           27, SubBuckets     =         2048]
----------------------------------------------------------
  596147 requests in 40.04s, 108.48MB read
Requests/sec:  14888.84
Transfer/sec:      2.71MB
