Running 40s test @ http://localhost:8888/
  10 threads and 800 connections
  Thread calibration: mean lat.: 285.868ms, rate sampling interval: 1161ms
  Thread calibration: mean lat.: 286.775ms, rate sampling interval: 1163ms
  Thread calibration: mean lat.: 286.487ms, rate sampling interval: 1162ms
  Thread calibration: mean lat.: 286.937ms, rate sampling interval: 1163ms
  Thread calibration: mean lat.: 286.102ms, rate sampling interval: 1161ms
  Thread calibration: mean lat.: 286.527ms, rate sampling interval: 1162ms
  Thread calibration: mean lat.: 286.711ms, rate sampling interval: 1162ms
  Thread calibration: mean lat.: 424.455ms, rate sampling interval: 1609ms
  Thread calibration: mean lat.: 286.748ms, rate sampling interval: 1162ms
  Thread calibration: mean lat.: 287.127ms, rate sampling interval: 1163ms
  Thread Stats   Avg      Stdev     Max   +/- Stdev
    Latency     1.77s   632.60ms   3.62s    58.25%
    Req/Sec     1.95k     5.35     1.98k    87.65%
  Latency Distribution (HdrHistogram - Recorded Latency)
 50.000%    1.77s 
 75.000%    2.31s 
 90.000%    2.64s 
 99.000%    2.84s 
 99.900%    3.28s 
 99.990%    3.52s 
 99.999%    3.60s 
100.000%    3.62s 

  Detailed Percentile spectrum:
       Value   Percentile   TotalCount 1/(1-Percentile)

     628.223     0.000000            1         1.00
     892.927     0.100000        57591         1.11
    1117.183     0.200000       115193         1.25
    1341.439     0.300000       172723         1.43
    1556.479     0.400000       230440         1.67
    1770.495     0.500000       288101         2.00
    1879.039     0.550000       316848         2.22
    1985.535     0.600000       345643         2.50
    2092.031     0.650000       374452         2.86
    2201.599     0.700000       403074         3.33
    2314.239     0.750000       432090         4.00
    2367.487     0.775000       446216         4.44
    2422.783     0.800000       460736         5.00
    2478.079     0.825000       475115         5.71
    2535.423     0.850000       489808         6.67
    2590.719     0.875000       504085         8.00
    2617.343     0.887500       511088         8.89
    2643.967     0.900000       518153        10.00
    2672.639     0.912500       525783        11.43
    2699.263     0.925000       532960        13.33
    2725.887     0.937500       540167        16.00
    2738.175     0.943750       543503        17.78
    2752.511     0.950000       547346        20.00
    2764.799     0.956250       550707        22.86
    2779.135     0.962500       554547        26.67
    2791.423     0.968750       557878        32.00
    2797.567     0.971875       559531        35.56
    2805.759     0.975000       561717        40.00
    2811.903     0.978125       563374        45.71
    2818.047     0.981250       565031        53.33
    2826.239     0.984375       567069        64.00
    2830.335     0.985938       568059        71.11
    2832.383     0.987500       568507        80.00
    2838.527     0.989062       569700        91.43
    2842.623     0.990625       570460       106.67
    2848.767     0.992188       571445       128.00
    2850.815     0.992969       571757       142.22
    2854.911     0.993750       572243       160.00
    2859.007     0.994531       572602       182.86
    2867.199     0.995313       572987       213.33
    2920.447     0.996094       573438       256.00
    2957.311     0.996484       573659       284.44
    2996.223     0.996875       573884       320.00
    3039.231     0.997266       574113       365.71
    3084.287     0.997656       574340       426.67
    3133.439     0.998047       574564       512.00
    3160.063     0.998242       574679       568.89
    3186.687     0.998437       574787       640.00
    3217.407     0.998633       574903       731.43
    3248.127     0.998828       575010       853.33
    3282.943     0.999023       575123      1024.00
    3301.375     0.999121       575180      1137.78
    3319.807     0.999219       575234      1280.00
    3342.335     0.999316       575293      1462.86
    3364.863     0.999414       575348      1706.67
    3387.391     0.999512       575403      2048.00
    3401.727     0.999561       575433      2275.56
    3416.063     0.999609       575462      2560.00
    3428.351     0.999658       575487      2925.71
    3444.735     0.999707       575514      3413.33
    3461.119     0.999756       575542      4096.00
    3469.311     0.999780       575556      4551.11
    3481.599     0.999805       575572      5120.00
    3489.791     0.999829       575584      5851.43
    3502.079     0.999854       575600      6826.67
    3514.367     0.999878       575613      8192.00
    3520.511     0.999890       575619      9102.22
    3528.703     0.999902       575628     10240.00
    3534.847     0.999915       575634     11702.86
    3540.991     0.999927       575640     13653.33
    3549.183     0.999939       575647     16384.00
    3555.327     0.999945       575651     18204.44
    3559.423     0.999951       575654     20480.00
    3565.567     0.999957       575658     23405.71
    3569.663     0.999963       575661     27306.67
    3575.807     0.999969       575665     32768.00
    3577.855     0.999973       575667     36408.89
    3581.951     0.999976       575669     40960.00
    3583.999     0.999979       575670     46811.43
    3590.143     0.999982       575672     54613.33
    3596.287     0.999985       575674     65536.00
    3598.335     0.999986       575675     72817.78
    3598.335     0.999988       575675     81920.00
    3602.431     0.999989       575676     93622.86
    3604.479     0.999991       575677    109226.67
    3608.575     0.999992       575678    131072.00
    3610.623     0.999993       575679    145635.56
    3610.623     0.999994       575679    163840.00
    3610.623     0.999995       575679    187245.71
    3614.719     0.999995       575680    218453.33
    3614.719     0.999996       575680    262144.00
    3616.767     0.999997       575681    291271.11
    3616.767     0.999997       575681    327680.00
    3616.767     0.999997       575681    374491.43
    3616.767     0.999998       575681    436906.67
    3616.767     0.999998       575681    524288.00
    3618.815     0.999998       575682    582542.22
    3618.815     1.000000       575682          inf
#[Mean    =     1770.418, StdDeviation   =      632.597]
#[Max     =     3616.768, Total count    =       575682]
#[Buckets =           27, SubBuckets     =         2048]
----------------------------------------------------------
  774510 requests in 40.01s, 140.97MB read
Requests/sec:  19358.74
Transfer/sec:      3.52MB
