Running 40s test @ http://localhost:8888/
  10 threads and 800 connections
  Thread calibration: mean lat.: 381.362ms, rate sampling interval: 1615ms
  Thread calibration: mean lat.: 342.959ms, rate sampling interval: 1582ms
  Thread calibration: mean lat.: 343.388ms, rate sampling interval: 1584ms
  Thread calibration: mean lat.: 342.716ms, rate sampling interval: 1581ms
  Thread calibration: mean lat.: 343.217ms, rate sampling interval: 1583ms
  Thread calibration: mean lat.: 343.023ms, rate sampling interval: 1582ms
  Thread calibration: mean lat.: 343.343ms, rate sampling interval: 1583ms
  Thread calibration: mean lat.: 945.435ms, rate sampling interval: 4894ms
  Thread calibration: mean lat.: 957.128ms, rate sampling interval: 4964ms
  Thread calibration: mean lat.: 343.079ms, rate sampling interval: 1583ms
  Thread Stats   Avg      Stdev     Max   +/- Stdev
    Latency     2.82s     1.13s    7.17s    61.46%
    Req/Sec     1.94k     7.44     1.97k    76.13%
  Latency Distribution (HdrHistogram - Recorded Latency)
 50.000%    2.81s 
 75.000%    3.72s 
 90.000%    4.24s 
 99.000%    5.76s 
 99.900%    6.74s 
 99.990%    7.05s 
 99.999%    7.14s 
100.000%    7.18s 

  Detailed Percentile spectrum:
       Value   Percentile   TotalCount 1/(1-Percentile)

     888.319     0.000000            2         1.00
    1308.671     0.100000        57350         1.11
    1690.623     0.200000       114671         1.25
    2072.575     0.300000       171951         1.43
    2445.311     0.400000       229462         1.67
    2813.951     0.500000       286636         2.00
    2998.271     0.550000       315192         2.22
    3180.543     0.600000       343903         2.50
    3360.767     0.650000       372499         2.86
    3540.991     0.700000       401145         3.33
    3719.167     0.750000       429961         4.00
    3807.231     0.775000       444204         4.44
    3895.295     0.800000       458665         5.00
    3981.311     0.825000       472744         5.71
    4069.375     0.850000       487217         6.67
    4155.391     0.875000       501424         8.00
    4202.495     0.887500       509083         8.89
    4243.455     0.900000       515722        10.00
    4288.511     0.912500       522992        11.43
    4333.567     0.925000       530186        13.33
    4378.623     0.937500       537484        16.00
    4399.103     0.943750       540794        17.78
    4423.679     0.950000       544724        20.00
    4444.159     0.956250       548035        22.86
    4468.735     0.962500       551548        26.67
    4657.151     0.968750       555116        32.00
    4788.223     0.971875       556908        35.56
    4923.391     0.975000       558657        40.00
    5070.847     0.978125       560452        45.71
    5230.591     0.981250       562261        53.33
    5402.623     0.984375       564050        64.00
    5492.735     0.985938       564920        71.11
    5591.039     0.987500       565821        80.00
    5697.535     0.989062       566734        91.43
    5808.127     0.990625       567622       106.67
    5926.911     0.992188       568500       128.00
    5992.447     0.992969       568948       142.22
    6062.079     0.993750       569400       160.00
    6135.807     0.994531       569851       182.86
    6213.631     0.995313       570293       213.33
    6299.647     0.996094       570742       256.00
    6344.703     0.996484       570963       284.44
    6393.855     0.996875       571188       320.00
    6447.103     0.997266       571419       365.71
    6500.351     0.997656       571633       426.67
    6561.791     0.998047       571861       512.00
    6594.559     0.998242       571975       568.89
    6627.327     0.998437       572081       640.00
    6664.191     0.998633       572195       731.43
    6701.055     0.998828       572301       853.33
    6746.111     0.999023       572417      1024.00
    6770.687     0.999121       572478      1137.78
    6795.263     0.999219       572533      1280.00
    6819.839     0.999316       572586      1462.86
    6848.511     0.999414       572645      1706.67
    6877.183     0.999512       572696      2048.00
    6893.567     0.999561       572724      2275.56
    6909.951     0.999609       572751      2560.00
    6930.431     0.999658       572781      2925.71
    6950.911     0.999707       572809      3413.33
    6971.391     0.999756       572836      4096.00
    6983.679     0.999780       572851      4551.11
    6995.967     0.999805       572865      5120.00
    7008.255     0.999829       572877      5851.43
    7020.543     0.999854       572890      6826.67
    7036.927     0.999878       572905      8192.00
    7045.119     0.999890       572911      9102.22
    7053.311     0.999902       572917     10240.00
    7061.503     0.999915       572924     11702.86
    7073.791     0.999927       572933     13653.33
    7081.983     0.999939       572938     16384.00
    7090.175     0.999945       572943     18204.44
    7094.271     0.999951       572945     20480.00
    7098.367     0.999957       572948     23405.71
    7110.655     0.999963       572953     27306.67
    7114.751     0.999969       572955     32768.00
    7118.847     0.999973       572957     36408.89
    7127.039     0.999976       572960     40960.00
    7127.039     0.999979       572960     46811.43
    7135.231     0.999982       572963     54613.33
    7139.327     0.999985       572965     65536.00
    7139.327     0.999986       572965     72817.78
    7143.423     0.999988       572966     81920.00
    7143.423     0.999989       572966     93622.86
    7151.615     0.999991       572967    109226.67
    7155.711     0.999992       572968    131072.00
    7159.807     0.999993       572969    145635.56
    7159.807     0.999994       572969    163840.00
    7159.807     0.999995       572969    187245.71
    7163.903     0.999995       572970    218453.33
    7163.903     0.999996       572970    262144.00
    7167.999     0.999997       572971    291271.11
    7167.999     0.999997       572971    327680.00
    7167.999     0.999997       572971    374491.43
    7167.999     0.999998       572971    436906.67
    7167.999     0.999998       572971    524288.00
    7176.191     0.999998       572972    582542.22
    7176.191     1.000000       572972          inf
#[Mean    =     2824.892, StdDeviation   =     1126.944]
#[Max     =     7172.096, Total count    =       572972]
#[Buckets =           27, SubBuckets     =         2048]
----------------------------------------------------------
  769507 requests in 40.02s, 140.06MB read
Requests/sec:  19226.78
Transfer/sec:      3.50MB
